0.15565781,0.1592286,0.2864071,0.3444589,0.35444662,0.2229768,0.2685132,0.4016081,0.1598531,0.44279987,0.21833807,0.19310157,0.18613644,0.1936884,0.17604879,0.24286772,0.3147549,0.18799675,0.17412661,0.1375769,0.3090539,0.37086877,0.34645286,0.12892996,0.29274637,0.1618705,0.20534223,0.19658585,0.20634033,0.16278644,0.30780292,0.19128291,0.13122728,0.2788223,0.20701076,0.07666491,0.14656432,0.22913225,0.35783857,0.17069988,0.10901871,0.49807423,0.3020871,0.27292973,0.15135446,0.10238586,0.42402798,0.25820315,0.20705813,0.15128377,0.39572695,0.13934785,0.1769748,0.16749413,0.6099385,0.13295783,0.20241752,0.20963751,0.3491615,0.39175385,0.21261191,0.3796421,0.1710141,0.15390226,0.54885435,0.19209465,0.23100802,0.37748414,0.3189652,0.306333,0.22820231,0.8453081,0.2853912,0.47575185,0.5006784,0.27920726,0.42972314,0.314506,0.23331313,0.21192144,0.25340295,0.5684659,0.22495589,0.6681389,0.69211704,0.15101013,0.25177836,0.61965513,0.21331108,0.32487297,0.4723239,0.16330302,0.59850204,0.17357764,0.41353568,0.21467876,0.12092997,0.20250475,0.46001536,0.13373202,0.19852506,0.78570336,0.20426844,0.23547928,0.32384327,0.31458795,0.2892099,0.20255898,0.25856224,0.5481043,0.25795293,0.1831948,0.24884833,0.39679337,0.2720394,0.43636864,0.18047045,0.5594789,0.7158177,0.19822617,0.3045123,0.21567588,0.40426606,0.37067714,0.12697454,0.1664533,0.13646817,0.14903925,0.22039443,0.4542133,0.27960062,0.16741365,0.23439178,0.33070377,0.4867633,0.18612342,0.13054097,0.60006404,0.3705881,0.20746998,0.20839207,1.0094361,0.29141507,0.29146338,0.55495256,0.21528918,0.23776276,0.21080343,0.49207976,0.7598267,0.1995666,0.16804555,0.14382997,0.16476372,0.14479896,0.70828986,0.2153516,0.4888334,0.30591047,0.30756342,0.21357861,0.18450029,0.12280439,0.15196198,0.35053805,0.14006461,0.30487275,0.14982311,0.18631472,0.23151287,0.13406853,0.29202896,0.5124987,0.1473744,0.1380572,0.17570636,0.69576085,0.13442327,0.48145795,0.12343417,0.23683915,0.17413062,0.1611156,0.11798638,0.26890135,0.429995,0.26518634,0.31253472,0.14691573,0.14597745,0.24093476,0.16582552,0.23331326,0.38484558,0.22736856,0.21774414,0.15321006,0.38933814,0.20390451,0.82818913,0.18434817,0.13186873,0.18879285,0.350745,0.2297866,0.19318882,0.94724226,0.2755653,0.2034225,0.37436464,0.1837974,0.41866162,0.1202642,0.18506001,0.3034908,0.18649668,0.3600007,0.16595308,0.2362493,0.21930605,0.22776134,0.44815195,0.3505,0.27566868,0.23796687,0.18199095,0.19250391,0.26058906,0.25932077,0.20694554,0.16478387,0.5391203,0.32878876,0.18459773,0.139627,0.17199391,0.182948,0.24652837,0.21907076,0.09147234,0.41408157,0.3180781,0.37243122,0.17285366,0.33179203,0.13212833,0.2165017,0.50319767,0.19076985,0.2757177,0.16229077,0.23682345,0.12762253,0.17587095,0.18692386,0.14721465,0.35176617,0.07755509,0.14045484,0.26558185,0.40171754,0.44587588,0.25231385,0.27470645,0.14367902,0.23834921,0.4951455,0.5364917,0.25435433,0.25340313,0.17627107,0.17412484,0.5767706,0.12617275,0.27301648,0.20716749,0.41330543,0.60404426,0.17742708,0.20451394,0.21541572,0.5656265,0.6161383,0.21478969,0.20982486,0.17066172,0.25287166,0.2661195,0.26464486,0.7301628,0.15170135,0.10540723,0.23921394,0.23678061,0.1765916,0.13936158,0.37501487,0.43609354,0.47066802,0.5050319,0.22318967,0.22174299,0.3513154,0.69738615,0.44666877,0.20660126,0.27826667,0.31935918,0.5614596,0.39226618,0.22794236,0.35026318,0.38100514,0.6514311,0.21798791,0.22989456,0.66944724,0.19139779,0.52244335,0.23244382,0.13882041,0.005556609,0.15338956,0.18978254,0.21933544,0.22898063,0.2261552,0.213206,0.41310754,0.13764001,0.36019132,0.21240792,0.23631452,0.18855909,0.4052123,0.16830406,0.15900849,0.22368427,0.22018611,0.53203136,0.5884716,0.29793048,0.18513183,0.18648517,0.27682495,0.29608157,0.15299459,0.26089555,0.22195077,0.47729933,0.16944292,0.2718281,0.8519189,0.52992207,0.17490266,0.17992876,0.17779954,0.31214616,0.18531187,0.3591314,0.2782121,0.25739148,0.855173,0.16873148,0.15110059,0.32518932,0.24647929,0.2399143,0.21927647,0.36955938,0.43240878,0.45890772,0.200108,0.40189478,0.19537595,0.1916952,0.16002949,0.23947613,0.23049583,0.8190542,0.25337422,0.17470144,0.400376,0.28964862,0.021920644,0.010375231,0.019437991,0.004125479,0.3895144,0.014157451,0.14320686,0.1276924,0.18561643,0.08007921,0.5026254,0.0595513,0.07006813,0.0,0.07628998,0.09574975,0.043848954,0.06329033,0.49715358,0.10272861,0.10211503,0.07045376,0.15977715,0.15488192,0.22070229,0.12653674,0.021496234,0.07463848,0.14448047,0.35642537,0.29073253,0.00691366,0.008218615,0.20123853,0.07122781,0.25581095,0.06965081,0.12719236,0.056651063,0.3330388,0.6188001,0.04927832,0.26902795,0.19265956,0.33648705,0.5763104,0.47480837,0.11567252,0.16436571,0.030967895,0.12054078,0.3972954,0.14560312,0.073618755,0.03285681,0.27669674,0.23911126,0.04873269,0.295159,0.09893247,0.059262447,0.112826034,0.32500884,0.40888736,0.36952925,0.0,0.060942315,0.08924638,0.0035710486,0.24736896,0.006133214,0.011318297,0.06868023,0.0024347275,0.033083476,0.2972088,0.08886195,0.15403457,0.14392217,0.21439004,0.0,0.14068888,0.17986101,0.019079143,0.17175634,0.31938463,0.16694789,0.060747985,0.0,0.5955444,0.4004229,0.5528684,0.07949833,0.23612124,0.11622034,0.053025864,0.114806674,0.32359827,0.19388759,0.06958737,0.0,0.16014099,0.0032191656,0.3007015,0.094529055,0.002064886,0.09464761,0.013576884,0.0258742,0.36218455,0.09408133,0.06887068,0.16162045,0.07583799,0.09699689,0.487802,0.053045176,0.071453564,0.012777912,0.1743255,0.0,0.121495046,0.07393006,0.07430496,0.11392238,0.23208165,0.35081816,0.08983449,0.0,0.073154606,0.07856921,0.25354302,0.15975156,0.11364024,0.0,0.09832802,0.056463197,0.14030334,0.19199167,0.26553413,0.031785954,0.16666023,0.13478853,0.1681626,0.09566319,0.039454695,0.12070189,0.06704944,0.18792138,0.0715151,0.0048973644,0.008460076,0.047122005,0.10967132,0.0062132473,0.13353108,0.19312166,0.0,0.116826355,0.009716472,0.30995506,0.022543352,0.08856433,0.014038516,0.09207592,0.21345414,0.120416224,0.39851543,0.085490525,0.07812862,0.10581092,0.28149617,0.002257145,0.043769933,0.17025113,0.00672115,0.113409996,0.16366744,0.29659954,0.10224036,0.12613912,0.0,0.06123002,0.07207872,0.05528309,0.070543274,0.15797426,0.0034945968,0.20318903,0.23087011,0.09611661,0.10005462,0.0032053737,0.22666106,0.10507771,0.007848025,0.104661554,0.05935626,0.014819913,0.052331563,0.12406477,0.31339505,0.0368587,0.049608108,0.041551586,0.31655145,0.118896775,0.099827096,0.20230599,0.04517167,0.02471526,0.10824667,0.01328017,0.20790088,0.23722585,0.18060632,0.12077163,0.0070686457,0.06402816,0.24801801,0.10746415,0.281042,0.21189931,0.010298476,0.12356023,0.0642547,0.2871101,0.058171872,0.05761445,0.09090361,0.12725358,0.018434234,0.05963424,0.0,0.002985268,0.054731444,0.03281703,0.073378235,0.6234653,0.069447555,0.09285094,0.016451206,0.1056765,0.32460544,0.13003589,0.14917861,0.014477392,0.087503105,0.08531681,0.050451156,0.049957942,0.031641707,0.0800641,0.041467965,0.36321616,0.069101326,0.07536021,0.1332519,0.18460052,0.830332,0.08458303,0.10128066,0.08237121,0.08852447,0.114797726,0.09226446,0.3096357,0.2166282,0.03543708,0.17648952,0.09621723,0.11499404,0.10822515,0.07035998,0.12711826,0.59924406,0.20850112,0.029918434,0.111733176,0.12955527,0.11405512,0.1244197,0.21417417,0.051347,0.35925755,0.004560118,0.08747171,0.0052306657,0.07612233,0.054710183,0.025020313,0.15586148,0.051363558,0.26144925,0.20705459,0.04472824,0.19091451,0.09624544,0.06067963,0.24506128,0.2869084,0.4413959,0.0,0.03717203,0.0,0.04200819,0.02354961,0.2418269,0.03570948,0.11345834,0.24858189,0.2687851,0.29033503,0.07634064,0.023763593,0.14583129,0.35083452,0.018586647,0.19201043,0.34453517,0.049571864,0.45471308,0.09794661,0.117089055,0.131938,0.37589616,0.059196472,0.01761483,0.077090554,0.03596548,0.110635206,0.011333288,0.17450175,0.018681705,0.16189456,0.4048096,0.034199644,0.0,0.17034328,0.0144366175,0.10295311,0.20361778,0.19961527,0.37892213,0.10932389,0.029250076,0.3817918,0.13747251,0.3877265,0.014051259,0.13225876,0.14864056,0.008560625,0.19170967,0.59370935,0.6219352,0.3112773,0.18879758,0.08494054,0.062422056,0.08819479,0.15738398,0.122008964,0.15216619,0.38463527,0.009616765,0.021095775,0.31406277,0.11158513,0.0016474857,0.073050074,0.059607588,0.27387047,0.03334255,0.08816832,0.0,0.41398352,0.08888963,0.47706732,0.007897222,0.089573674,0.044125095,0.041600674,0.25351965,0.1953319,0.22895132,0.053119153,0.17206833,0.15421675,0.14855729,0.06270239,0.20702642,0.11259425,0.22935988,0.17814644,0.013420144,0.36109635,0.2926936,0.39413708,0.3058706,0.22868346,0.0,0.07226145,0.14938153,0.025696423,0.12598844,0.18433087,0.07435876,0.14515309,0.057578754,0.16935238,0.054885734,0.020207359,0.26311547,0.2029648,0.005932186,0.069240585,0.3948544,0.1919406,0.10694652,0.19229643,0.00062982325,0.13316087,0.0,0.16304888,0.51119876,0.084505424,0.061659273,0.025374085,0.0,0.2744355,0.3040672,0.3241408,0.027249375,0.20241222,0.00818543,0.0057765488,0.07083916,0.20444278,0.013596077,0.13839272,0.04264819,0.033690177,0.054974798,0.09488965,0.1048029,0.12520182,0.25125352,0.0015025418,0.1391901,0.04604743,0.014008899,0.19553566,0.26378402,0.14004448,0.18683052,0.016610224,0.37218136,0.108403675,0.14171039,0.026074208,0.39810732,0.18162122,0.21228716,0.18777642,0.018160008,0.09366826,0.06661006,0.21599373,0.13869277,0.024078552,0.09083963,0.17133197,0.062082686,0.7638748,0.69105226,0.22021353,0.0651823,0.026927175,0.19829094,0.2479601,0.003433739,0.12745777,0.032547385,0.2414377,0.07147008,0.006837444,0.0023552747,0.00018696922,0.23058625,0.07782579,0.084758334,0.19066353,0.21721134,0.14477971,0.115587465,0.2098996,0.061463453,0.05289468,0.051348183,0.06334387,0.2017322,0.011554547,0.14103329,0.10397664,0.18065695,0.0,0.12172204,0.15930589,0.023117805,0.12383133,0.017769894,0.3559902,0.14279516,0.78239906,0.2970973,0.37851512,0.17698535,0.1027264,0.21046965,0.13806818,0.0020368958,0.19600934,0.5002041,0.3379236,0.18847641,0.18169175,0.4402087,0.008956247,0.1340905,1.150066,0.19392997,0.25976264,0.21863204,1.4315516,0.0029861701,0.61006814,0.13530833,0.0,0.34404308,0.14347097,0.09659229,0.02789765,0.26910612,0.0,0.17190354,0.17944005,0.16709699,1.0074047,0.2769252,0.65551955,0.046149496,0.2264748,0.03790308,0.1539024,0.12521824,0.42985547,0.18635224,0.06898998,0.010705447,0.08882616,0.3517361,0.31143817,0.733872,0.13681753,0.03974733,0.19815841,0.16093934,0.13932064,0.03407997,0.32239687,0.029307961,0.43032864,0.12409651,0.01382765,0.048587754,0.13753685,0.18804161,0.2628544,0.00091456476,0.36041397,0.50522476,0.46200368,1.163846,0.061519347,0.31242988,0.0,0.15651946,0.50850344,0.028394157,0.27513015,0.057012986,0.10893361,0.2519419,0.20171027,0.14728643,0.45857683,0.014349923,0.116324574,0.055549126,0.7581246,0.23330131,0.45700353,0.03329567,0.22066383,0.26673654,0.36946616,0.01689312,0.036443055,0.99724257,0.00884796,0.18270774,0.1282104,0.222907,0.20057935,0.08831869,0.5292111,0.45259818,0.064513385,0.11890566,0.596968,0.12128306,0.8588007,0.99569833,0.10799589,0.024405997,0.037743263,0.2430245,0.23205458,0.2850172,0.08347714,0.36092412,0.0005294665,0.22604458,0.08336006,0.05050049,0.027617011,0.26655015,0.27348635,0.08697393
0.1909041,0.15664311,0.31648168,0.35137418,0.34677175,0.22151063,0.25757867,0.41399068,0.15507519,0.4566544,0.1819544,0.21124911,0.20128912,0.22184408,0.20305005,0.2524752,0.28772384,0.18895257,0.17439647,0.13833566,0.28079462,0.3560204,0.3420787,0.102475144,0.33068988,0.15859984,0.20304056,0.1934957,0.20402165,0.16115989,0.29951006,0.18952753,0.12909849,0.3064556,0.20486255,0.085393846,0.1394835,0.24198347,0.3815433,0.18477382,0.11144542,0.47400844,0.29502717,0.26927388,0.1704181,0.105925076,0.41627797,0.25373498,0.21519268,0.13765165,0.42765224,0.17451961,0.16871533,0.1843898,0.58718956,0.14986461,0.20673256,0.23220666,0.371415,0.41235068,0.25628105,0.41438252,0.17262942,0.15487872,0.60067147,0.19002138,0.22733092,0.43043056,0.32154676,0.31328467,0.24749395,0.8078624,0.31735855,0.52298665,0.46856245,0.28031135,0.42566347,0.28624913,0.27358565,0.2184279,0.25751585,0.5231603,0.21890202,0.6663246,0.8481041,0.15283555,0.25989726,0.6311752,0.21469314,0.32819825,0.45714036,0.16815864,0.6238365,0.16798517,0.40013006,0.21859434,0.12607396,0.20383589,0.42564216,0.13697547,0.22350745,0.68186367,0.22611885,0.26273546,0.32455224,0.3212919,0.31408805,0.20785359,0.26319042,0.47955665,0.2314441,0.16987334,0.28219733,0.38636687,0.33585444,0.52468187,0.1723585,0.47693956,0.67537403,0.19223392,0.31998256,0.20940189,0.4604399,0.31745845,0.13904424,0.16908777,0.14076842,0.12761192,0.22380818,0.4261735,0.31522915,0.19539483,0.22842191,0.31350008,0.52279526,0.18709189,0.13290192,0.55881864,0.35805723,0.20132832,0.21305712,0.9603782,0.29389447,0.26174852,0.5444923,0.20923781,0.2598827,0.20724612,0.44956687,0.7298169,0.18825918,0.16452864,0.14717449,0.17579305,0.15941584,0.74633306,0.2177478,0.53975487,0.35429692,0.22867715,0.2113667,0.181379,0.14627217,0.1643168,0.37729558,0.14560777,0.27570117,0.16857152,0.1892985,0.24217652,0.13044356,0.3112703,0.4731121,0.15183371,0.13322456,0.17830907,0.7191704,0.13590334,0.5129438,0.13157463,0.23380654,0.17524847,0.17064285,0.12474164,0.26923126,0.43985164,0.26401922,0.30623832,0.13962889,0.15007448,0.22223432,0.16663608,0.26724762,0.4236177,0.22589526,0.21373646,0.15551212,0.4390961,0.19508207,0.75547045,0.19900057,0.1442007,0.20390835,0.40553898,0.21006127,0.19687958,0.9301913,0.3140172,0.21930905,0.3723203,0.19284905,0.3841913,0.12257989,0.17705548,0.27329966,0.17641492,0.37969503,0.16712919,0.22628817,0.21304777,0.22190069,0.49534172,0.31908938,0.26662797,0.27553955,0.20122217,0.21318035,0.255964,0.24578942,0.20517933,0.17626405,0.5860934,0.33351648,0.19290301,0.13387427,0.19551012,0.17662683,0.25490725,0.22826718,0.09019115,0.4176888,0.29008865,0.32810643,0.17836674,0.3075521,0.13385491,0.21260431,0.5184974,0.201897,0.2754528,0.16776188,0.2828528,0.12671569,0.18157704,0.20284808,0.14467216,0.33999735,0.08291247,0.17054203,0.27271515,0.41057852,0.47209477,0.25504664,0.33177537,0.13836592,0.25193626,0.4754795,0.49331483,0.26235017,0.2750919,0.16766733,0.17520434,0.55065286,0.1384544,0.26381248,0.24189912,0.40409207,0.55513066,0.17814054,0.20694925,0.23764272,0.5617046,0.61446416,0.21248798,0.2304381,0.16574028,0.2300563,0.25452998,0.2777345,0.7154233,0.17415954,0.121411346,0.22053851,0.21112266,0.18511339,0.14447084,0.33793205,0.45055902,0.44602054,0.50830734,0.26368403,0.21561833,0.36104676,0.7133739,0.43655014,0.19636446,0.27536345,0.34230205,0.48926255,0.36330312,0.29929265,0.39825892,0.36568427,0.6540917,0.2334426,0.21761934,0.68338186,0.18459061,0.4430321,0.2225102,0.15349153,0.013231957,0.1411927,0.2117991,0.22805016,0.22113425,0.22908622,0.19869913,0.46064183,0.13659619,0.3603373,0.20265101,0.26007456,0.1951474,0.43628898,0.18197002,0.15029421,0.2122708,0.19382727,0.5284027,0.5664315,0.30744296,0.18230459,0.18619314,0.35377905,0.27421096,0.15295103,0.29185143,0.21707499,0.51152444,0.14572543,0.27790156,0.9007281,0.51562774,0.17754072,0.18742193,0.17577367,0.29029703,0.18842074,0.40859288,0.2657176,0.2507511,0.79004586,0.17707324,0.15505747,0.31713876,0.2423043,0.2319851,0.22499238,0.33656007,0.4282884,0.46303532,0.21509315,0.39020643,0.20453417,0.19888127,0.16785814,0.24101022,0.19712499,0.80706584,0.2339458,0.22156946,0.38376138,0.3149208,0.02052114,0.032097425,0.011150922,0.007642515,0.3917285,0.01309149,0.17862593,0.08086185,0.1217865,0.13926207,0.47105345,0.060809232,0.09596072,0.0,0.07738332,0.106271274,0.04779072,0.042754665,0.49547866,0.10565681,0.10294085,0.07183988,0.1714307,0.1614081,0.23234284,0.12179384,0.030535895,0.051776033,0.14125714,0.33831546,0.23174559,0.010172312,0.00016653682,0.15687296,0.05274558,0.28967518,0.051364925,0.15513355,0.06994447,0.29463175,0.78340685,0.050230484,0.30170035,0.22908719,0.33174843,0.6337865,0.44108683,0.11721502,0.14978041,0.028588023,0.12724936,0.42174584,0.15872817,0.07413294,0.024816563,0.3135144,0.2948888,0.053533025,0.25413033,0.10672489,0.06451298,0.112422645,0.3173262,0.43100345,0.35809177,0.0,0.061146405,0.08406912,0.029894397,0.26854977,0.005248226,0.0079376465,0.10089118,0.002846412,0.03031498,0.4001801,0.09195349,0.23014882,0.18150337,0.16556594,0.0030550908,0.13871601,0.16310808,0.015224065,0.18167815,0.3457429,0.19723324,0.058168538,0.0,0.5269874,0.3857384,0.590954,0.038356226,0.25912592,0.13304843,0.053321175,0.117355876,0.25766313,0.25116155,0.07706888,0.0,0.18267865,0.00040998898,0.30006745,0.102349885,0.003049521,0.12964691,0.018589837,0.016750542,0.42934325,0.09572789,0.06797656,0.17016095,0.07518094,0.13493708,0.47454208,0.050954264,0.059780873,0.021881191,0.15526974,0.0023880033,0.12369197,0.07133484,0.0791535,0.117871314,0.22417061,0.3020845,0.08526217,0.0,0.077989124,0.07971347,0.20006941,0.12385382,0.11832702,0.0,0.07888135,0.0641119,0.14218077,0.14046532,0.25788507,0.02047868,0.17792906,0.16474228,0.14656612,0.09193995,0.03277783,0.126577,0.07314286,0.18306288,0.08282035,0.011665973,0.000905057,0.052673273,0.10595415,0.0053121727,0.12661442,0.22384763,0.0012236645,0.11893621,0.0067095086,0.2664183,0.024903037,0.070995405,0.0073352163,0.087423876,0.1915198,0.12291247,0.38976392,0.086967476,0.10290477,0.0981808,0.31603408,0.0034210293,0.051020067,0.17396362,0.010658892,0.114934504,0.14367321,0.267086,0.12202793,0.15064342,0.001725875,0.05749935,0.06345203,0.06038451,0.07233986,0.16443181,0.0041654054,0.21083297,0.2260102,0.097364865,0.09948881,0.0019571253,0.24407788,0.10449451,0.005331479,0.106735736,0.062047724,0.025670338,0.034806814,0.11751263,0.2648166,0.07754578,0.050651576,0.04004422,0.23886585,0.10993563,0.114714324,0.17042911,0.061919864,0.017081443,0.10339727,0.011200391,0.24566321,0.2493262,0.19303447,0.13222675,0.0011842031,0.06049727,0.22961596,0.10673665,0.28056365,0.21040696,0.037557032,0.14295027,0.03940603,0.22962295,0.06370027,0.03119585,0.087840594,0.11436832,0.011764772,0.046140507,0.0007657453,0.00486958,0.03565056,0.020282838,0.08185502,0.6568415,0.073536225,0.09147719,0.015641151,0.102092415,0.30408257,0.1675471,0.13404314,0.01449527,0.11570549,0.081998795,0.052592944,0.05653268,0.054454006,0.07887693,0.048031326,0.3640671,0.098649256,0.08065086,0.13978049,0.2017597,0.81183296,0.08016147,0.09868952,0.15975136,0.086492464,0.11068633,0.105920404,0.30093977,0.2218597,0.07245655,0.17526385,0.09609727,0.10400792,0.12760602,0.06964896,0.1403702,0.6842062,0.18227392,0.024079574,0.12632419,0.1231981,0.13408777,0.12842062,0.20980118,0.066099234,0.30757424,0.00046911236,0.089765094,0.0030076534,0.083566956,0.05024327,0.040509954,0.15154895,0.04888969,0.30004144,0.2010498,0.041896936,0.21914779,0.11468176,0.052821275,0.23497067,0.32999372,0.46048638,0.0006105607,0.039745543,0.0,0.057741337,0.02521545,0.3238648,0.032995112,0.120039396,0.23837742,0.30113593,0.27271587,0.07013568,0.02667192,0.1665901,0.42467928,0.016572185,0.21142775,0.39010862,0.05150224,0.47307092,0.10483929,0.12240935,0.14229877,0.31372905,0.060282376,0.017353976,0.12943904,0.05091448,0.11980181,0.017264066,0.15815085,0.012146434,0.08643645,0.44639596,0.04696193,0.0,0.16670327,0.0067335404,0.12035275,0.23137262,0.17932487,0.3890142,0.11326298,0.022754727,0.43871,0.12649518,0.35257393,0.027449427,0.12558769,0.11188453,0.0053413156,0.17111062,0.6705707,0.62090373,0.23337993,0.20709284,0.09040877,0.04876218,0.08062087,0.15673651,0.11809789,0.14504448,0.36733884,0.007650657,0.022630678,0.27078956,0.11197698,0.0037669924,0.07177358,0.05750923,0.2300147,0.032698974,0.08857759,0.0,0.43783528,0.097473204,0.44367942,0.010299513,0.08134795,0.03929231,0.033865094,0.23152451,0.19018921,0.2584207,0.049631685,0.1760743,0.15727276,0.14818549,0.0913619,0.20593515,0.114866935,0.23059452,0.225781,0.016866907,0.34997866,0.3091712,0.48028502,0.2147105,0.22727013,8.067998e-05,0.07250816,0.1732421,0.0076112296,0.121073596,0.17994328,0.08397577,0.1382561,0.09699389,0.18730788,0.047591895,0.017852917,0.3870818,0.20541827,0.016055688,0.09825455,0.27280802,0.18722022,0.18777211,0.19470547,0.0019063317,0.13856785,0.0,0.16194557,0.47177076,0.089001685,0.04117863,0.08350718,0.0,0.21697415,0.21136354,0.24187897,0.036884207,0.2019066,0.0077879913,0.0,0.07085116,0.2359856,0.012234635,0.13759243,0.050376818,0.0167789,0.055482145,0.11079948,0.10337268,0.17123185,0.27617776,9.603798e-05,0.1159298,0.06219716,0.03489614,0.20031865,0.40065494,0.13012972,0.18324298,0.017620467,0.40958643,0.115317084,0.13672294,0.05062906,0.27242756,0.11234144,0.21637273,0.18762752,0.013660763,0.097956814,0.06501769,0.2161132,0.24480656,0.014617289,0.08862711,0.18582909,0.060632527,0.9030999,0.8738207,0.21971662,0.06681859,0.027453637,0.19568889,0.26212716,0.029077938,0.10154156,0.045776833,0.24242674,0.07029479,0.0005136996,0.0028723902,0.002039637,0.25036344,0.113379635,0.14040208,0.20619318,0.13847864,0.21719174,0.11337191,0.21635321,0.07071706,0.05307352,0.077539794,0.06616192,0.20294915,0.010832072,0.15295923,0.107991144,0.18701237,0.0,0.21333104,0.17155588,0.022885254,0.09922664,0.014960825,0.3744061,0.13047759,0.8751645,0.4162778,0.48268804,0.133276,0.12704448,0.2469872,0.14422575,0.0041789613,0.08505161,0.50814706,0.3476027,0.27987152,0.20513058,0.44694495,0.007946857,0.14386295,1.0808113,0.19218783,0.23370525,0.23100816,1.4018006,0.0055985497,0.58146495,0.10585436,0.014057803,0.3475796,0.13921489,0.1381888,0.027128521,0.25196165,0.0,0.1763977,0.17514682,0.17311466,0.99682975,0.25544596,0.57648754,0.03342063,0.2195534,0.038158897,0.24294266,0.10602389,0.44941866,0.26849207,0.12135697,0.005594812,0.055106897,0.31565884,0.37313053,0.6450835,0.20158914,0.0,0.17130192,0.1597656,0.17960794,0.022740675,0.3022711,0.13546129,0.5092918,0.13891813,0.027327662,0.066668294,0.17751871,0.13313183,0.31444302,0.017360609,0.34091833,0.5190826,0.4302469,1.2206817,0.014172932,0.2972335,0.0,0.20313805,0.40721053,0.06427773,0.21692958,0.055024836,0.07154647,0.30546108,0.2980579,0.12714306,0.39996925,0.04728408,0.09481329,0.054776225,0.7614568,0.18678367,0.3734557,0.029954214,0.0657649,0.27414587,0.38537472,0.011812743,0.047732513,1.0089865,0.010912276,0.25317967,0.19497348,0.31932756,0.19107507,0.083293885,0.53490853,0.44511867,0.068970405,0.05565071,0.6097557,0.10410131,0.9294762,0.99545586,0.07189781,0.1001185,0.028980985,0.19780895,0.30509758,0.26265806,0.060472436,0.37091014,0.0064761504,0.19506265,0.09036649,0.06447054,0.030290889,0.27791637,0.29225335,0.071482755
0.16322409,0.18232049,0.2585238,0.468367,0.37971124,0.22199446,0.2713005,0.41913578,0.16259132,0.51059335,0.19119407,0.17538317,0.24628977,0.18739937,0.19627342,0.24093388,0.35847917,0.18542042,0.16438988,0.19844803,0.26385373,0.4176905,0.32372564,0.100957364,0.29687783,0.16307634,0.2506595,0.19335255,0.2605183,0.21421178,0.3348478,0.18992198,0.15005584,0.27785262,0.22279511,0.062204916,0.14769457,0.26045674,0.45321578,0.2212132,0.109899335,0.49748558,0.29670224,0.31347454,0.16580415,0.14551543,0.40028653,0.26708102,0.2024461,0.125239,0.48228773,0.17704141,0.16887785,0.24430656,0.616262,0.14438164,0.21717668,0.29660037,0.35474426,0.50017375,0.30828363,0.31348357,0.17422068,0.1547959,0.58549833,0.18843429,0.22999981,0.3992173,0.23608692,0.45671234,0.36292645,0.7742408,0.3244113,0.46085194,0.48595455,0.3112571,0.38218537,0.28907642,0.26487586,0.22393602,0.31403756,0.62204814,0.22024213,0.78502905,0.93767387,0.17194135,0.25952366,0.7238523,0.2155564,0.31849888,0.49257168,0.19338664,0.67610085,0.1741624,0.34106904,0.26970416,0.12836993,0.19661762,0.46618262,0.14221503,0.26880255,0.68053293,0.24794698,0.22515693,0.35140583,0.29082704,0.29686102,0.17827646,0.31906152,0.4731223,0.27684614,0.18017086,0.25622135,0.3839567,0.35710245,0.52136284,0.22174951,0.5781265,0.6777451,0.24161598,0.3479131,0.19459413,0.3435138,0.2897098,0.17020844,0.19427003,0.14312987,0.1254422,0.22074091,0.5106915,0.3798927,0.2787965,0.26743314,0.23600763,0.55570877,0.202385,0.12876903,0.6637846,0.41757834,0.2056033,0.22067876,1.003836,0.28930134,0.3338537,0.56344867,0.2347451,0.29276925,0.20328248,0.47372848,0.7697472,0.14829901,0.16725071,0.14863643,0.16304258,0.16604888,0.7991471,0.22823353,0.60681164,0.34910345,0.24834609,0.20347327,0.18213668,0.15619554,0.15681195,0.37942365,0.18041174,0.19375311,0.17399196,0.1919265,0.23091413,0.1357081,0.30002815,0.5423393,0.1679905,0.13357198,0.17481993,0.82906526,0.14093308,0.4782598,0.14004445,0.24945043,0.1868079,0.16000588,0.13756873,0.3016582,0.46406907,0.29164714,0.34937543,0.12973195,0.15506686,0.24920398,0.16208947,0.2966349,0.44982225,0.25030017,0.19975442,0.17419428,0.3936878,0.21751188,0.809124,0.21316431,0.12160889,0.18538214,0.40708983,0.18837917,0.19875526,0.9579723,0.3141781,0.22397205,0.44071785,0.2372569,0.50901484,0.12794334,0.23211172,0.41303626,0.2817674,0.40919626,0.17070822,0.26368582,0.21319076,0.23642287,0.54482585,0.27689144,0.25201443,0.27977782,0.1871304,0.21264948,0.27814546,0.2982983,0.21186188,0.16997045,0.7008815,0.4309455,0.1966244,0.15447672,0.1619151,0.16629212,0.3194141,0.25067967,0.08727715,0.489157,0.34100062,0.39172837,0.19096154,0.35327992,0.14309096,0.2339972,0.4032781,0.18220995,0.25429052,0.19063257,0.28198838,0.1464617,0.21015187,0.20417835,0.15851788,0.3610354,0.08847208,0.20008807,0.24930052,0.46546152,0.44818527,0.23499781,0.33543018,0.16024257,0.26025775,0.53751796,0.5265076,0.21922135,0.24456806,0.19032225,0.2526579,0.59949535,0.18433566,0.26142302,0.26051542,0.50458664,0.5436424,0.1806197,0.19823731,0.2348704,0.52252245,0.7930021,0.24822877,0.23604017,0.17029285,0.27336308,0.3009846,0.27022478,0.72143686,0.20837924,0.13905877,0.25667885,0.37030178,0.19013521,0.12532091,0.34636715,0.4851103,0.31579137,0.54259723,0.2442247,0.21175307,0.47034323,0.77765656,0.5450267,0.18263131,0.31804004,0.2799183,0.4736842,0.48634818,0.35272992,0.24086915,0.5167335,0.7501973,0.21831322,0.21636882,0.71332365,0.23169944,0.4428551,0.22933434,0.1308038,0.0132605545,0.16293783,0.21025066,0.18933511,0.21367042,0.264538,0.18746221,0.43831277,0.14236802,0.393006,0.24771313,0.31678858,0.21078725,0.5568842,0.23157376,0.15528804,0.2701178,0.15481462,0.58272946,0.652434,0.30247328,0.19090423,0.20787697,0.44912907,0.33474198,0.15254426,0.31377646,0.20499776,0.48680583,0.1346053,0.30584896,0.86864316,0.68586457,0.19146216,0.18115821,0.17495948,0.2939786,0.17544344,0.5017855,0.25839072,0.29964972,0.8888016,0.16605853,0.15256658,0.37753868,0.22794391,0.2568155,0.30187583,0.40110496,0.55261487,0.49047726,0.28798336,0.4567397,0.20085557,0.20362401,0.17356741,0.23229142,0.23670647,0.8402283,0.24084687,0.27376643,0.37949714,0.36357853,0.037820544,0.026238404,0.17823762,0.0052781906,0.5775876,0.03094052,0.27069175,0.06486265,0.103107646,0.13480708,0.588283,0.056306303,0.1143821,0.00038640003,0.07500819,0.100625545,0.03117772,0.03691764,0.4539784,0.18726172,0.20392352,0.13732019,0.13380711,0.5473873,0.16992514,0.12467342,0.024251305,0.076042436,0.35308567,0.19023642,0.3211817,0.014355814,0.0,0.13652426,0.16958725,0.19693476,0.15189655,0.3496892,0.076450914,0.25621235,0.5802519,0.04660989,0.14864334,0.32173145,0.24614686,0.5946871,0.7434019,0.15600862,0.16272685,0.031180121,0.08218984,0.40612677,0.27977616,0.0855544,0.026190162,0.22098899,0.20502827,0.055613436,0.2117737,0.15801622,0.13321337,0.11185628,0.26168445,0.38794768,0.6269776,0.0,0.08267751,0.090497516,0.034194153,0.2398452,0.00053348223,0.027932668,0.23838253,0.09619611,0.032748,0.50133836,0.091762066,0.42900997,0.42866445,0.20070884,0.010098686,0.14869522,0.21505101,0.014812756,0.11617064,0.4567854,0.17676404,0.06862799,0.032507233,0.6191113,0.26973775,0.39655444,0.006015871,0.22841004,0.1357036,0.0541495,0.10690373,0.2761131,0.4274873,0.070863985,0.0070994496,0.38867342,0.0011066275,0.67238814,0.16745616,0.0039102533,0.22375704,0.01364661,0.029005628,0.37792256,0.09720125,0.06842161,0.16239743,0.06212162,0.1817905,0.5837035,0.05354547,0.06995614,0.017765747,0.1696797,0.05154163,0.10731173,0.07060991,0.08343968,0.10731023,0.21182247,0.33642778,0.09126225,0.0,0.09719487,0.09034964,0.19685662,0.12647554,0.12173421,0.0,0.086669125,0.06819945,0.14763138,0.10569436,0.23793876,0.20705873,0.17790142,0.31179395,0.25645205,0.1165622,0.026511312,0.1530674,0.07648226,0.15922952,0.11252175,0.0016116967,0.0032898637,0.046201184,0.10748615,0.007602587,0.12804574,0.18620883,0.0030972196,0.11722885,0.0032150126,0.21102779,0.051765215,0.11237396,0.0,0.10609922,0.39130044,0.13691075,0.17560875,0.09296854,0.034913566,0.09997186,0.17429096,0.00405245,0.047809977,0.15566573,0.00560265,0.24421443,0.13570002,0.3176443,0.23007601,0.1475254,0.006811587,0.05098919,0.06843368,0.04730213,0.07186923,0.16738693,0.0043962565,0.6034542,0.23315881,0.104490496,0.092374265,0.0001827304,0.43836352,0.16934383,0.007341059,0.113514125,0.08431943,0.0919405,0.08523694,0.121477164,0.27113757,0.024333881,0.04621983,0.04588837,0.61011475,0.12994848,0.06865413,0.12441994,0.3419837,0.032328755,0.108484395,0.0048791855,0.26524737,0.1266649,0.42101327,0.12032197,0.010555276,0.06286346,0.24827257,0.11273422,0.43774527,0.18614061,0.006550127,0.16855055,0.031154426,0.36423522,0.049557213,0.12914702,0.11790734,0.13219465,0.016576232,0.08105888,0.011430386,0.0047515533,0.062654644,0.086316034,0.09419269,0.5752907,0.061532885,0.09151813,0.023198074,0.10062996,0.2867561,0.058661584,0.11911084,0.017500984,0.06698718,0.080890544,0.047830563,0.054927014,0.05890366,0.08204933,0.044913627,0.42225558,0.077688605,0.08324197,0.10261141,0.11878064,0.9988064,0.046101958,0.10574847,0.25426188,0.15319186,0.12149837,0.15363623,0.31828973,0.102473766,0.043816015,0.22390707,0.109107144,0.10589656,0.13498439,0.07636861,0.14077781,0.8166824,0.1707051,0.015782708,0.20904304,0.13028048,0.14310849,0.158068,0.28383398,0.088569,0.3150681,0.0010632599,0.096151344,0.011301948,0.07408594,0.0487978,0.023866963,0.06971709,0.027237965,0.26673216,0.56872034,0.040235978,0.25787228,0.12812333,0.062495135,0.10998281,0.23189525,0.4405544,0.0013182303,0.04408072,0.00010420212,0.044608,0.018181,0.22844054,0.040621664,0.11301497,0.25251645,0.38561335,0.28742054,0.074292734,0.025398413,0.17160887,0.28425443,0.038764108,0.19916838,0.36152345,0.04924979,0.4455545,0.059172522,0.14472133,0.058306605,0.4010749,0.05596795,0.033220258,0.06118368,0.10479364,0.11570584,0.075477414,0.13741279,0.0065943208,0.23670685,0.39219275,0.063397415,0.0,0.16778761,0.002321274,0.10856405,0.20893112,0.20092022,0.6518268,0.12589762,0.03495015,0.3987836,0.13929473,0.44543165,0.11233281,0.112869,0.38329643,0.0032730359,0.13214965,0.6822499,0.8066091,0.25470448,0.114405245,0.096419536,0.040485736,0.123739965,0.15359451,0.117484145,0.19154784,0.34610304,0.05969769,0.027300486,0.14454903,0.115979835,0.002272774,0.07176581,0.09603333,0.32388645,0.12827536,0.0888118,0.00018584673,0.71945447,0.17474793,0.5046485,0.010608478,0.16307203,0.08991605,0.053867053,0.3403961,0.22465546,0.265889,0.0472215,0.17444794,0.25262454,0.14975826,0.054163136,0.3439814,0.11431437,0.3060139,0.18103379,0.012509405,0.65724796,0.5039757,0.47994274,0.2561201,0.22282088,0.0,0.07316546,0.17000654,0.05295683,0.13290021,0.1784153,0.0932594,0.11969933,0.11507259,0.18693064,0.06476044,0.023557395,0.32476586,0.22324122,0.06844491,0.06412108,0.77544385,0.18577817,0.034419965,0.22523512,0.09687196,0.30159262,0.0014323032,0.17441928,0.3282842,0.28226092,0.03085683,0.05981424,0.0,0.46922508,0.5276644,0.34393933,0.017354533,0.22058435,0.0,0.07254998,0.07328758,0.100808166,0.0128790345,0.14320509,0.14841987,0.100016,0.08803136,0.07235902,0.09714384,0.21608818,0.53090423,0.0,0.22368626,0.050776385,0.07958643,0.18947482,0.31834584,0.1290121,0.21246509,0.050364625,0.6572265,0.1344443,0.1586548,0.17658594,0.98081183,0.45093498,0.2805446,0.18841751,0.15500751,0.08921849,0.07412306,0.21309662,0.119073,0.008764915,0.08738696,0.18893185,0.06217783,0.8021213,0.9629053,0.21801788,0.09865275,0.030078247,0.1958854,0.39053127,0.008027782,0.15678948,0.021174408,0.27253413,0.13276492,0.025592726,0.01109869,0.002016544,0.24453765,0.052963898,0.20223656,0.44138467,0.62383723,0.15100884,0.12161576,0.22761337,0.06305368,0.066104315,0.014088727,0.08048128,0.20490505,0.01371394,0.2462562,0.097146615,0.19849327,0.0,0.18841407,0.14929879,0.093998395,0.104852624,0.014592854,0.4334551,0.1672649,0.71415937,0.5494195,0.49129283,0.06386216,0.10326605,0.36255082,0.1558812,0.0028298877,0.16509318,0.28905135,0.29825726,0.39847243,0.31379652,0.679663,0.014397231,0.09185971,1.3692998,0.1766276,0.21090099,0.25341845,1.2781609,0.012790136,0.5155077,0.086764395,0.0031570299,0.5430141,0.2511456,0.2589007,0.03717168,0.31460956,0.0,0.23869811,0.16877007,0.15558128,1.059444,0.31884032,0.81057036,0.069018774,0.2166465,0.1479445,0.43785766,0.044767138,0.56088376,0.33126515,0.045655552,0.0017311121,0.06857388,0.32140994,0.22175865,0.67021966,0.1667873,0.00662629,0.32284987,0.28447422,0.0970214,0.0,0.3148516,0.116265595,0.35957515,0.15801924,0.043710373,0.18048844,0.23371778,0.10127301,0.2773242,0.007883136,0.3491252,0.3906438,0.42594898,1.0014492,0.032699447,0.4190519,0.0,0.21094443,0.37264708,0.131957,0.2572488,0.048120152,0.093104914,0.57203776,0.33563685,0.08329302,0.5727414,0.059403326,0.12164473,0.082277894,0.83845425,0.26701492,0.4762199,0.11609215,0.021005694,0.23175614,0.36162043,0.09520915,0.05460025,0.85975236,0.0031275537,0.16979158,0.20538776,0.3354399,0.18548222,0.12231634,0.58470386,0.6313144,0.19885637,0.0126159545,0.44163796,0.123187914,0.88858896,1.193386,0.0664229,0.11659742,0.07446255,0.36908242,0.25174606,0.33614722,0.12232961,0.28368896,0.0029753076,0.21013527,0.090163894,0.060224082,0.08708618,0.3403753,0.33256796,0.066084825
0.16363782,0.25267008,0.28543174,0.45083708,0.41170812,0.21510887,0.27380306,0.38173303,0.16679516,0.516659,0.23272304,0.15191108,0.36054125,0.1499488,0.18988445,0.25561813,0.3302757,0.1879055,0.1690633,0.20653974,0.304476,0.27567792,0.28286898,0.13315697,0.35376602,0.16399789,0.3210451,0.18368812,0.24087085,0.22074132,0.29081342,0.1929136,0.12507235,0.30757383,0.15876839,0.08338874,0.1357218,0.31892422,0.48553425,0.17513633,0.10654706,0.52010036,0.37225723,0.25939256,0.1425808,0.11809061,0.32961982,0.3507206,0.20927122,0.12646568,0.5615269,0.13933718,0.16959478,0.24210763,0.5565478,0.16851795,0.21867569,0.2300393,0.37666586,0.73073906,0.30496022,0.40478304,0.16293438,0.15589494,0.53898793,0.19059421,0.2192816,0.3391874,0.29268667,0.46952897,0.27504745,0.8556424,0.33628184,0.5378857,0.47170094,0.31311134,0.5830627,0.37039137,0.33324277,0.23373288,0.5171845,0.5937312,0.20626833,1.043699,0.86865634,0.1480074,0.24725789,0.6135992,0.22110775,0.27343467,0.61568475,0.18244082,0.7823506,0.1713131,0.25276536,0.25306877,0.12571524,0.13113657,0.4838305,0.14869702,0.22461364,0.7082929,0.26148948,0.22920607,0.46854606,0.32022035,0.26141316,0.17310058,0.5004319,0.43803236,0.280382,0.22165835,0.22012003,0.3814423,0.39967343,0.4714713,0.17209879,0.6880834,0.7713282,0.18557006,0.32863405,0.22222239,0.38653427,0.3482938,0.20383307,0.21017677,0.1367592,0.13989548,0.21935922,0.6749908,0.3813568,0.45409715,0.22593385,0.20614064,0.737328,0.21385875,0.13344699,0.53142595,0.33677647,0.20361036,0.24129875,0.98169446,0.449176,0.29696214,0.6235848,0.20894596,0.25634724,0.20111261,0.53938854,0.65220493,0.1706541,0.16509992,0.15567192,0.16017507,0.29731905,0.9812323,0.22044267,0.69547176,0.5227495,0.2594048,0.19275697,0.18244961,0.13446388,0.19563721,0.41741803,0.16494446,0.21503544,0.17043932,0.18207899,0.2287833,0.15375167,0.28717878,0.48743168,0.24336936,0.16948624,0.20597014,0.8639472,0.21845286,0.52639717,0.13445483,0.3140687,0.22036743,0.15220994,0.13642728,0.39851266,0.369126,0.33475572,0.342532,0.1631918,0.15287769,0.23093255,0.150342,0.26282147,0.30829468,0.24385886,0.19554575,0.15288217,0.5193566,0.23329462,0.7261189,0.2003718,0.16312401,0.19411127,0.3711984,0.2125792,0.16016527,0.820994,0.313431,0.1815541,0.44762,0.29233834,0.52218765,0.10633426,0.215219,0.29014406,0.24134833,0.370509,0.15980451,0.32300088,0.26488417,0.25627202,0.43840525,0.23509338,0.23447624,0.31943163,0.2219304,0.21233635,0.28411454,0.26930803,0.24245994,0.17430978,0.78848326,0.4014052,0.19578539,0.1266239,0.19334985,0.16004658,0.24834187,0.23399505,0.08888681,0.5718361,0.5284126,0.3911091,0.18841228,0.39953038,0.13157652,0.22944425,0.43532056,0.18758528,0.2594217,0.19740428,0.2671299,0.14082472,0.16703142,0.17750113,0.16383159,0.31201708,0.08568213,0.20867197,0.26147026,0.51551384,0.5119744,0.2659587,0.23597431,0.2302737,0.24475414,0.596112,0.5726464,0.22741096,0.25531548,0.15453258,0.3579029,0.66136295,0.16912752,0.23582198,0.25139347,0.57340974,0.7093602,0.18500055,0.23184177,0.22428419,0.50784194,0.9682021,0.25837874,0.25147334,0.18467605,0.26969975,0.22296183,0.25321132,0.8386232,0.21438104,0.11957266,0.25713986,0.36685205,0.21635225,0.12832165,0.346312,0.32178894,0.4312396,0.5661697,0.27663398,0.22558752,0.36551225,0.69954634,0.48766387,0.19043355,0.2623597,0.295737,0.54096264,0.52451736,0.35962,0.25028843,0.54145247,0.7286128,0.20773326,0.21437493,0.7238448,0.25908965,0.46359986,0.21689135,0.14075516,0.004887204,0.14330177,0.18449897,0.19110812,0.24282308,0.22758336,0.1897881,0.5856203,0.15056813,0.56017005,0.23892434,0.23759784,0.21492206,0.43431407,0.23295267,0.1268894,0.34225893,0.18285076,0.43849784,0.69006556,0.25869805,0.18598588,0.18913357,0.47167617,0.33996695,0.1477059,0.33879685,0.22201304,0.5116531,0.14635801,0.32215396,0.943782,0.5415397,0.18350893,0.16680934,0.17238005,0.27435455,0.17938031,0.43847558,0.2959751,0.2642868,0.98363954,0.16652185,0.26788184,0.39211005,0.20906131,0.31657904,0.36446103,0.49854407,0.5903695,0.3747752,0.25957605,0.36972716,0.23846187,0.1816593,0.18222071,0.24424024,0.19843513,0.67516094,0.32179904,0.16251738,0.29017654,0.4428331,0.048673052,0.05883025,0.013585294,0.014708582,0.40424678,0.005715611,0.100565255,0.048719805,0.1408519,0.119847484,0.38886762,0.06197349,0.06762901,0.0,0.14785796,0.104547985,0.030629613,0.079229616,0.5444948,0.11274297,0.10754141,0.10353867,0.14284909,0.2258198,0.18843505,0.11416989,0.034249593,0.03490862,0.17584743,0.16288559,0.3030393,0.018261947,0.0,0.115329556,0.024437986,0.110464275,0.14514492,0.11326858,0.057959545,0.18809342,0.43287382,0.059574965,0.10242289,0.16384518,0.16509755,0.53569126,0.21991836,0.113867894,0.1538674,0.03468469,0.0679272,0.16141662,0.36698532,0.10991989,0.04493217,0.33625042,0.15722404,0.0559825,0.07315827,0.16414349,0.09175753,0.11770932,0.20289446,0.18830836,0.19291279,0.0,0.066420354,0.09638833,0.033527546,0.2284466,0.0039044512,0.008647768,0.2583745,0.0020037426,0.036240928,0.4141907,0.09230032,0.11815069,0.18608494,0.10998134,0.017104445,0.14864415,0.15913998,0.019078925,0.20322005,0.23313479,0.1504717,0.05875236,0.0,0.31716165,0.111881785,0.26111713,0.03248522,0.14030522,0.15232702,0.05639297,0.074324526,0.09168009,0.32394958,0.072562054,0.00015128593,0.25691745,0.0,0.24990347,0.09870775,0.07004235,0.06855919,0.01571755,0.038870744,0.12695946,0.09940164,0.072568424,0.09076856,0.09781706,0.1028078,0.45747524,0.08060663,0.06692064,0.046342883,0.16634719,0.0048838393,0.08125775,0.082737185,0.015946502,0.11858047,0.13356246,0.115301535,0.091590054,0.0,0.09900054,0.084435016,0.011298803,0.111964226,0.13117787,0.0,0.18345731,0.0645032,0.14342475,0.0987131,0.21713385,0.017162992,0.22068742,0.15769021,0.12555148,0.08358592,0.033246197,0.12452313,0.013848217,0.22708592,0.09780959,0.0096489005,0.009334314,0.07770926,0.111740306,0.0068503325,0.065001875,0.25022194,0.017462147,0.116854645,0.0004183747,0.18945165,0.008911916,0.1048071,0.0,0.08714678,0.06447523,0.12724037,0.2022952,0.09282503,0.04270236,0.0999191,0.09018045,0.016975988,0.062250644,0.06660009,0.020588228,0.08186198,0.10696421,0.18555458,0.2792775,0.13581407,0.0,0.22770628,0.06602982,0.020086013,0.07717019,0.04541181,0.006870597,0.4090025,0.23607711,0.1062552,0.0847128,0.0,0.16609657,0.0874979,0.010054501,0.12265246,0.058215074,0.022712873,0.034839593,0.12395116,0.1531014,0.020601336,0.045455676,0.04703517,0.21815395,0.11897233,0.22201742,0.043180756,0.3828691,0.00774345,0.108043954,0.012009473,0.04523222,0.20434034,0.20595711,0.122542575,0.006273228,0.066139005,0.21017984,0.07534792,0.24506882,0.15594184,0.0658802,0.10303932,0.028029386,0.52947116,0.016353391,0.038206033,0.094799906,0.055909414,0.026212059,0.124749064,0.0,0.004660548,0.026927063,0.011201067,0.09112652,0.291159,0.08301814,0.09261031,0.015909418,0.110722765,0.17918044,0.03917554,0.14179447,0.023583176,0.12785588,0.08626509,0.052904896,0.0402311,0.027657771,0.08601404,0.048602037,0.17043935,0.1826236,0.07872072,0.14341308,0.1316623,0.7533026,0.037075676,0.10705277,0.037238847,0.115509324,0.1216636,0.10375648,0.12052139,0.007887452,0.133492,0.33916986,0.09467465,0.1041779,0.20774937,0.07447688,0.15319929,0.21493888,0.15441036,0.01741775,0.15232575,0.1330957,0.17725769,0.21124877,0.22040121,0.06213543,0.15039858,0.078955494,0.09525744,0.0018335875,0.15865,0.055779345,0.02605436,0.054841682,0.042983185,0.46294916,0.14069036,0.04186271,0.26940995,0.17423975,0.03435007,0.30299595,0.16709904,0.43457273,0.008625633,0.061946362,0.008016158,0.07786789,0.03267696,0.26651537,0.076528706,0.1439661,0.22316493,0.36844417,0.06967743,0.062067457,0.0,0.15651862,0.37288517,0.021158915,0.20067799,0.45088804,0.05193272,0.22425017,0.11499253,0.119443044,0.051508505,0.112924285,0.058788914,0.01804052,0.0,0.09878485,0.1213248,0.0027933875,0.10090151,0.05148791,0.24732862,0.36631688,0.16618167,0.0007193635,0.1716031,0.0,0.0669669,0.6380112,0.17273445,0.49996403,0.123714045,0.026638089,0.5723111,0.11456805,0.26010996,0.19418292,0.10974598,0.21511665,0.0066107153,0.16386184,0.22585663,0.6318841,0.7175599,0.13264723,0.11185114,0.034244888,0.030384662,0.15957716,0.1141128,0.16473384,0.19898783,0.012590841,0.035795234,0.3897692,0.12037189,0.0039051357,0.073505394,0.16310742,0.11883208,0.23635386,0.109357424,0.0,0.4035684,0.15068752,0.39454418,0.0325288,0.11428845,0.03942509,0.028595813,0.37994954,0.2190272,0.21123487,0.054773424,0.17682181,0.17744291,0.15266667,0.054174203,0.35573524,0.10942366,0.2189891,0.16319276,0.014030008,1.0332445,0.4591426,0.35859096,0.42160672,0.21770406,0.0,0.075189054,0.2466255,0.103558384,0.23066789,0.18089683,0.0917148,0.10556218,0.1295703,0.19630127,0.12931283,0.020161174,0.1610429,0.21386388,0.099648535,0.039811786,0.80122864,0.18799342,0.101555675,0.22040664,0.001016755,0.4458812,0.0,0.15752587,0.27119842,0.48008958,0.12476876,0.031576376,0.0,0.42274547,0.46283746,0.16975306,0.017975487,0.20353357,0.0011433923,0.024712514,0.07508725,0.03439999,0.090082705,0.14501736,0.17013252,0.07306048,0.058783736,0.09411357,0.16539419,0.15011048,0.24860905,0.0,0.14825393,0.05904263,0.022838514,0.19176611,0.19541821,0.13475612,0.4765361,0.027810404,0.4875477,0.10890083,0.2067774,0.1821984,1.0712954,0.6413516,0.25532186,0.18727906,0.33847302,0.08407723,0.103047915,0.22264168,0.10471852,0.02144104,0.08708942,0.16156894,0.06580157,0.34262547,0.59010893,0.21890661,0.08030323,0.025904514,0.18915915,0.31185582,0.0,0.2418509,0.019600345,0.24530582,0.026170554,0.23913923,0.0060089813,0.0,0.25933054,0.028005196,0.083244324,0.47454983,0.60255146,0.0352088,0.10689048,0.20129427,0.08217233,0.055841547,0.01491009,0.08505358,0.24554989,0.16824734,0.14238535,0.11367994,0.1448071,0.0,0.02948739,0.2180863,0.016642848,0.19566466,0.019375658,0.5463841,0.115659714,0.78407145,0.6274785,0.4019721,0.16556963,0.053170066,0.0840531,0.030971201,0.0,0.09305081,0.19335459,0.2587187,0.42982,0.2226341,0.6343093,0.0,0.119645715,1.4151646,0.23105443,0.155049,0.25193998,1.4362162,0.03178918,0.3952227,0.15601283,0.014990471,0.39766312,0.49600992,0.029864313,0.056160897,0.25582394,0.0,0.12294783,0.14293152,0.028453376,0.99257916,0.14064366,0.55687934,0.0043896264,0.41151386,0.041552205,0.33680776,0.046941515,0.3604307,0.3475578,0.036452275,0.0055102464,0.24696676,0.40019646,0.3260146,0.7999572,0.13264975,0.06085256,0.25229275,0.32317016,0.21367563,0.0,0.4655114,0.08999223,0.46238288,0.44574797,0.051667478,0.0130750695,0.15585126,0.08429251,0.090722755,0.0017172083,0.41742185,0.47522125,0.51557404,0.76156837,0.033606373,0.42020878,0.0,0.0048867282,0.4245837,0.14254187,0.25715026,0.29352382,0.09725377,0.6061565,0.42975068,0.04837949,0.6666999,0.0775899,0.17084433,0.075898804,0.9284518,0.2896583,0.5491786,0.08691938,0.02437915,0.28346953,0.19988036,0.014685705,0.042002816,0.7665802,0.0,0.09039341,0.25721392,0.20903662,0.10995346,0.117231965,0.41321135,0.52655786,0.05133936,0.029901579,0.63995147,0.13038935,1.0106595,1.2511733,0.096347235,0.25243253,0.037485022,0.17923827,0.2427718,0.2979424,0.16128583,0.44507754,0.001765757,0.3264425,0.07307072,0.066887535,0.045922928,0.25418717,0.4398052,0.16235851
0.21780968,0.29345194,0.31277144,0.38981488,0.35785028,0.22443283,0.25603235,0.42158982,0.17187229,0.45691007,0.22132249,0.13318574,0.26146367,0.15282288,0.1678266,0.27686945,0.35212654,0.18620224,0.2330447,0.1615111,0.29707593,0.24339929,0.33984575,0.10153976,0.34288085,0.16676153,0.23807113,0.1724236,0.32729992,0.4119427,0.39525875,0.19233386,0.11636883,0.30909854,0.1637919,0.09054104,0.14017002,0.34199673,0.33470595,0.17139262,0.10960919,0.50800157,0.39424568,0.27504277,0.1430449,0.16284798,0.24597846,0.28346926,0.25045094,0.13238972,0.39828756,0.15733784,0.17997022,0.20856029,0.5082151,0.17943129,0.21907336,0.21363597,0.35508433,1.0052884,0.23985969,0.28701693,0.16490185,0.1519959,0.60319746,0.18690063,0.26997426,0.2760447,0.3968235,0.44285408,0.26184765,0.5982531,0.30853269,0.38734904,0.36962238,0.34100893,0.34570152,0.39913327,0.46618855,0.22619636,0.27183136,0.57921237,0.21915597,0.8806969,0.6345695,0.16370378,0.26013628,0.45199677,0.26926193,0.29537037,0.4568584,0.19870423,0.67185915,0.1820732,0.35424247,0.2941624,0.129942,0.18950976,0.46459836,0.13957597,0.24935356,0.838404,0.21754894,0.22604942,0.33504507,0.33650005,0.2501818,0.18080564,0.49602023,0.56740284,0.32508695,0.20841604,0.25209764,0.36818385,0.36114755,0.40050858,0.15346113,0.79475856,0.7611265,0.21894245,0.4255588,0.30462238,0.43397164,0.5137946,0.14619772,0.19608824,0.13545592,0.1258857,0.2788422,0.49420062,0.25558737,0.20701051,0.36868238,0.23818289,0.7429795,0.28208965,0.12762211,0.42714474,0.42542443,0.20034124,0.2862115,0.9267361,0.34541538,0.4060778,0.5051943,0.22761178,0.2797794,0.20750903,0.568038,0.6646727,0.15496255,0.16761398,0.15695865,0.1723791,0.17497529,0.83995086,0.22127187,0.5382207,0.4030472,0.42330104,0.17604877,0.18475413,0.138339,0.17366391,0.35942155,0.15250073,0.20874538,0.15223561,0.1808981,0.21211384,0.23042515,0.26842937,0.32488912,0.15901679,0.17307067,0.17084719,0.6524174,0.15779077,0.49227905,0.13478886,0.23926161,0.15370668,0.1540468,0.12931983,0.4471139,0.43293306,0.30147612,0.33554575,0.15789142,0.16433285,0.21372223,0.15328558,0.2217703,0.3959488,0.25444436,0.19660777,0.15212156,0.4077614,0.19878083,0.7316173,0.28601626,0.17300415,0.19959715,0.33633628,0.21848394,0.15633184,0.7413445,0.33342892,0.15880913,0.6551682,0.23812318,0.34472796,0.120751314,0.25910723,0.25888944,0.32628554,0.31497866,0.17321834,0.3160418,0.26756093,0.2913294,0.33242095,0.2536715,0.3812734,0.2669247,0.2533737,0.20804098,0.39638606,0.24040265,0.25948673,0.19237511,0.64310074,0.43355903,0.18715064,0.18865895,0.19658455,0.17006183,0.30680156,0.19261679,0.09401925,0.6616216,0.36444104,0.49066705,0.17872751,0.32694224,0.12495082,0.20656464,0.5732997,0.18564302,0.4165179,0.17970401,0.3441008,0.13500464,0.1966528,0.20054589,0.13736537,0.28849027,0.18874806,0.19922042,0.31730536,0.40630963,0.62647647,0.20527159,0.25069043,0.13268189,0.2288224,0.5293555,0.53637576,0.2223854,0.22361037,0.2140237,0.19509506,0.4635487,0.17065778,0.28942993,0.20865767,0.3547376,0.53124803,0.21081398,0.21098834,0.26121563,0.3748926,0.8149332,0.20491658,0.26938632,0.17455709,0.24397708,0.13521458,0.26856914,0.95164543,0.17126872,0.13306513,0.25035554,0.3751892,0.23221304,0.13461585,0.28905487,0.3765769,0.28669062,0.6766871,0.22162372,0.253193,0.28536502,0.6978498,0.34862635,0.2851146,0.2599145,0.28071374,0.7236143,0.63228786,0.3180058,0.33484626,0.4493965,0.68500876,0.18870237,0.2121242,0.7721631,0.3850824,0.44861072,0.2397756,0.13089807,0.0062630316,0.1745261,0.21273485,0.21374306,0.29848912,0.20841008,0.22097437,0.34798762,0.24863383,0.46594858,0.33271447,0.19879767,0.18878439,0.3432346,0.20531742,0.18505289,0.24793847,0.16129436,0.50787616,0.66121614,0.45614666,0.17868559,0.19657442,0.40551817,0.41977745,0.14054683,0.24829286,0.24146485,0.37603107,0.20981055,0.36000752,0.9403844,0.44832027,0.18510282,0.16378015,0.16339868,0.28693032,0.1942464,0.4148534,0.33295667,0.26084375,0.8405063,0.30084407,0.20978831,0.4110358,0.21193092,0.34480563,0.3026918,0.48860362,0.6584798,0.50918865,0.14377652,0.4390622,0.4341113,0.2016906,0.1857155,0.23597972,0.1912665,0.596803,0.49756497,0.18967095,0.29593545,0.27926353,0.03084074,0.17045097,0.023109851,0.010834635,0.3230817,0.009391565,0.07290194,0.057753105,0.113031805,0.1211216,0.44757712,0.08887047,0.11025075,0.1805126,0.076454334,0.105309166,0.12779199,0.0026315935,0.14401196,0.10098595,0.07034994,0.07221093,0.051576983,0.09246104,0.18015142,0.11519073,0.027263744,0.013181627,0.023527121,0.094650015,0.3185048,0.007249184,0.0067822416,0.18920986,0.0,0.11294952,0.15599446,0.17589174,0.04209369,0.2632389,0.17005543,0.048634656,0.13821776,0.26486227,0.24707185,0.20996621,0.13932519,0.107033245,0.15426949,0.03717438,0.09448618,0.23564368,0.16535124,0.10060946,0.030217828,0.27929664,0.08801947,0.055892978,0.20782916,0.114213645,0.05736879,0.11813037,0.23383394,0.043724675,0.14073665,0.08269022,0.062290527,0.090225674,0.11481536,0.16884415,0.052046314,0.00091296487,0.042978346,0.101768196,0.0332016,0.55605376,0.08833676,0.14119808,0.09877379,0.06578499,0.0016332457,0.14248623,0.1683347,0.036362898,0.1141571,0.665724,0.15861967,0.05836706,0.0,0.2776819,0.029802423,0.32792753,0.012831516,0.07548899,0.11613881,0.13816968,0.025783937,0.022696782,0.016432647,0.114352345,0.02184071,0.20768212,0.0011300717,0.36688182,0.22198716,0.00043698988,0.1029996,0.027678683,0.019519875,0.18134323,0.090283096,0.082716316,0.034837425,0.07211278,0.30332017,0.034073636,0.0535951,0.06969178,0.018134816,0.13204129,0.005195814,0.07638422,0.0689306,0.020466264,0.10123422,0.353771,0.328825,0.0889159,0.0,0.06769706,0.09260696,0.023302611,0.2056788,0.11271595,0.0,0.07736974,0.06982491,0.13738602,0.077774554,0.2981637,0.008187456,0.16894928,0.18117528,0.11306699,0.08635184,0.13024814,0.13844688,0.035673115,0.087760545,0.09990508,0.002360176,0.08291654,0.030923795,0.111341484,0.007144897,0.10166592,0.28884768,0.077946365,0.12229246,0.022156065,0.42097157,0.018904231,0.06941694,0.0,0.08607474,0.07999366,0.120924465,0.08283467,0.4731768,0.0336246,0.10353345,0.24073467,0.025010342,0.04458989,0.04530999,0.018346801,0.106621675,0.22617836,0.29645672,0.119139045,0.38479906,0.0,0.18036792,0.06454928,0.02887795,0.07472929,0.1466913,0.0051364326,0.8931457,0.2452971,0.10128573,0.08195969,0.0039901463,0.15249714,0.2846334,0.02808834,0.11593623,0.060357604,0.14151402,0.030616378,0.15036422,0.07413368,0.026593873,0.043748178,0.08299124,0.35709742,0.11476812,0.07935236,0.010918938,0.058321394,0.004567965,0.15110242,0.08293346,0.02659898,0.028256223,0.45232883,0.12262173,0.0033400827,0.06475764,0.22378892,0.07277803,0.25849524,0.22743766,0.013569479,0.22210394,0.012350988,0.73702043,0.023764515,0.15954168,0.115195826,0.18080196,0.027629862,0.14567555,0.0,0.003659319,0.057051044,0.052875333,0.07566634,0.33362284,0.056940727,0.10857122,0.014209848,0.09883022,0.27189183,0.28906357,0.09761385,0.017886447,0.05442112,0.34387946,0.051676303,0.24901055,0.0028093795,0.08861402,0.04525502,0.15912828,0.41023508,0.076489456,0.077740744,0.004338407,0.55633116,0.03101278,0.10296978,0.008715365,0.06741221,0.113109775,0.11583323,0.15936624,0.13036768,0.027785167,0.09420996,0.09633382,0.14790641,0.22350955,0.078227036,0.048015356,0.23573817,0.33601978,0.19413033,0.030088464,0.12845394,0.08305197,0.25501335,0.0748797,0.1525222,0.08461576,0.009529735,0.11842356,0.0015289069,0.07503009,0.04896946,0.055369537,0.011768654,0.13893622,0.21895446,0.112612024,0.04234575,0.10535294,0.3755053,0.044764776,0.21588142,0.05109565,0.16361472,0.0,0.076355636,0.0,0.16299398,0.023643693,0.18018425,0.04262832,0.21060166,0.36086887,0.41900104,0.1556947,0.08403712,0.00072542625,0.13521965,0.59790057,0.051519297,0.46495968,0.38257527,0.075966366,0.08833301,0.07257822,0.13809733,0.030149769,0.26918122,0.06217707,0.020482197,6.09183e-05,0.08036469,0.11710336,0.047106843,0.13123979,0.042572815,0.09582899,0.18822779,0.14259526,0.01727191,0.18212202,0.007451831,0.055345204,0.19505893,0.18092676,0.69116586,0.46708235,0.026811473,0.19697672,0.12342167,0.27204573,0.013928198,0.116074584,0.17862721,0.011241056,0.23818117,0.39968565,0.3168105,0.39090297,0.11590626,0.09797283,0.037959706,0.07619815,0.21002308,0.11730467,0.16140679,0.21539102,0.012133412,0.027710063,0.16398571,0.10913385,0.016335173,0.07449767,0.04935832,0.12019058,0.02738429,0.091944225,0.008186431,0.1290469,0.09125872,0.462751,0.004903059,0.30904073,0.20036095,0.18733718,0.20456557,0.43427846,0.19143973,0.0509826,0.1767161,0.15883161,0.15195845,0.056912202,0.19209552,0.113630876,0.21689302,0.16307509,0.029734796,0.47380945,0.32731614,0.4256982,0.19320703,0.21861675,0.009190522,0.20036107,0.11038798,0.0074977917,0.35917634,0.18407251,0.09009337,0.21590556,0.09721749,0.20929298,0.23976175,0.020965245,0.11242396,0.21806496,0.04446755,0.07908557,0.43795887,0.19129182,0.029120082,0.20562637,0.00036188785,0.17910302,0.0,0.23171675,0.27962863,0.08648109,0.054962393,0.048120037,0.0,0.30181095,0.60183567,0.1758294,0.01657069,0.2057158,0.0,0.032355253,0.07439617,0.057646163,0.01878644,0.14499107,0.098913915,0.0879397,0.08491775,0.15474172,0.11556505,0.11922823,0.066713385,0.0054072435,0.10240834,0.07905408,0.053037275,0.33925197,0.18549882,0.14214131,0.26264945,0.010554098,0.16204728,0.11421839,0.20788604,0.052739363,0.57466274,0.54934406,0.25548962,0.20278099,0.1260836,0.08666531,0.0728989,0.21806413,0.07370239,0.0038766367,0.0956514,0.22023393,0.06673805,0.33482948,0.4122372,0.3458911,0.06571826,0.028707465,0.24340783,0.28835416,0.00048908376,0.07901687,0.08575919,0.2539634,0.050596036,0.023457026,0.0049434165,0.009218779,0.27774045,0.03314349,0.019472433,0.21876284,0.4382039,0.029932985,0.10836694,0.19652048,0.06443662,0.05627281,0.0143201705,0.10338904,0.35187212,0.13100441,0.13779034,0.09653689,0.14718641,8.8159046e-05,0.019826911,0.15915729,0.06022326,0.09175356,0.04567717,0.39745492,0.19841422,0.76987666,0.59095466,0.41531554,0.20394522,0.063128226,0.14116889,0.0049610552,0.0074533145,0.014613692,0.25177965,0.23826566,0.569322,0.23662421,0.6114945,0.0,0.10728412,1.360631,0.5285444,0.13259518,0.27304772,1.6909002,0.10584206,0.36580348,0.06755442,0.020867834,0.13871893,0.51272297,0.25802967,0.15750973,0.27245954,0.0,0.09794074,0.5574404,0.024115747,1.4235138,0.09233773,0.5108817,0.16218686,0.38354936,0.02369634,0.7040764,0.26461595,0.5907427,0.3807606,0.030742317,0.014858885,0.11699111,0.74596256,0.2015047,1.1760453,0.18527697,0.010504497,0.26230142,0.2776021,0.051406782,0.0,0.2648595,0.12053924,0.22855315,0.3683947,0.08939504,0.112662494,0.3376882,0.53202885,0.14629887,0.0,0.08927925,0.5424762,0.5214719,0.97575235,0.102911755,0.42890397,0.034623507,0.019763548,0.50035405,0.15740584,0.30400297,0.079500236,0.29330334,0.33677542,0.28150058,0.45020735,0.92543834,0.044646632,0.18108909,0.059949476,0.90978384,0.3702573,0.49846065,0.038445897,0.19126102,0.26912394,0.30685943,0.12923793,0.05054073,0.71563566,0.0,0.23789228,0.23129356,0.5437656,0.12857062,0.12013481,0.40456787,0.47654536,0.020426475,0.0,0.5944783,0.2375384,1.0289799,0.8665355,0.24962735,0.15482198,0.023421956,0.25655982,0.31443322,0.64691025,0.15388668,0.05713553,0.0,0.28850287,0.067625836,0.0563501,0.039064504,0.44791844,0.39096758,0.18523176
0.32250664,0.2557471,0.40409815,0.33638597,0.38005385,0.22200654,0.28945246,0.32541087,0.16598204,0.5414507,0.30495635,0.13920102,0.3075543,0.15551388,0.17135893,0.29293114,0.3993594,0.18434866,0.22242332,0.23170368,0.30005744,0.25738642,0.34235793,0.08806344,0.28224933,0.18329969,0.2248064,0.1906662,0.45755473,0.3245609,0.32991943,0.2354351,0.11768517,0.2839802,0.22379684,0.08881063,0.14115106,0.25584975,0.43249863,0.19211076,0.12116978,0.5393748,0.35713974,0.3215811,0.19075818,0.16851133,0.31017786,0.29868147,0.3236665,0.12835254,0.39852244,0.17322135,0.18167186,0.21585985,0.44087943,0.12782109,0.21647003,0.28311056,0.2912643,0.93099976,0.27000338,0.31066594,0.1830948,0.15743957,0.482898,0.1854908,0.26776186,0.33679444,0.4064345,0.44974402,0.3193248,0.650623,0.22474046,0.37380564,0.31087804,0.30822012,0.20979886,0.51704127,0.40093562,0.21298535,0.373428,0.4216602,0.23879293,0.8379812,0.43743652,0.17708805,0.2710071,0.55863214,0.304736,0.26404256,0.60647076,0.20871587,0.5744411,0.20183615,0.27654588,0.33713633,0.13429128,0.16614477,0.418117,0.13732989,0.25704095,0.6601301,0.19448607,0.2403071,0.35917488,0.36600688,0.26881054,0.18136598,0.43597904,0.6271948,0.29214847,0.16335152,0.31070775,0.28017282,0.34471282,0.25611404,0.1787647,0.83758086,0.6254242,0.24081369,0.399771,0.270608,0.55814195,0.42887622,0.12495671,0.2016534,0.16392942,0.15155905,0.30519515,0.66527987,0.2776861,0.26374382,0.30431125,0.23482569,0.8691991,0.28557616,0.12817824,0.38431197,0.48461142,0.20215322,0.29656255,0.70334387,0.21354823,0.41071674,0.49724126,0.24290054,0.28400913,0.21727954,0.48228267,0.58133346,0.18604271,0.18759961,0.15773575,0.17131439,0.24913068,0.873013,0.2425279,0.3747618,0.30864206,0.54832053,0.16682048,0.19563448,0.20882984,0.22455321,0.27314848,0.15701354,0.26659295,0.18028143,0.17056884,0.2348275,0.2094486,0.24800873,0.35431072,0.17172362,0.16183794,0.15927331,0.5322545,0.137619,0.3724806,0.17787547,0.20871443,0.15437679,0.1482228,0.23285581,0.45412135,0.4189624,0.31493646,0.38433823,0.14764856,0.1600091,0.21556045,0.14950427,0.20434381,0.38506484,0.33536285,0.21208273,0.16001739,0.43462604,0.19249971,0.5603857,0.29988623,0.25370842,0.16869608,0.294008,0.19040787,0.16021234,0.7847826,0.34394205,0.16603757,0.549231,0.24743767,0.3217786,0.162158,0.19414738,0.23339568,0.33147058,0.35521898,0.18615818,0.45178393,0.21224442,0.24120954,0.31627825,0.28825694,0.3789949,0.29335737,0.4032327,0.193386,0.5399724,0.2090043,0.27416065,0.18842939,0.5476271,0.40199137,0.20876488,0.2049673,0.24717307,0.17297173,0.37831998,0.20287915,0.121917665,0.75522846,0.43576494,0.5321951,0.16357917,0.37299046,0.14434089,0.20347996,0.78270495,0.1989376,0.35031608,0.17420122,0.33212933,0.13492514,0.16932163,0.20602131,0.15069185,0.3100404,0.22666296,0.3128403,0.23626132,0.41993436,0.48765934,0.21394613,0.19560164,0.15316486,0.22070003,0.4642078,0.5786638,0.21078528,0.25327533,0.23886254,0.16424666,0.33870113,0.22005299,0.3130992,0.2196484,0.45182583,0.5484239,0.31400636,0.16444214,0.36299646,0.34328896,0.7105614,0.24283706,0.23509075,0.18839756,0.2799043,0.13233244,0.34484926,0.966315,0.17005716,0.14160244,0.33319113,0.41149956,0.3474459,0.1499468,0.2548899,0.39413247,0.27690673,0.60633695,0.2435453,0.28358278,0.31127405,0.6107269,0.2879794,0.29388887,0.27140447,0.35359004,0.83150715,0.7329798,0.29473764,0.26547027,0.35816038,0.49155453,0.2042492,0.2317422,0.55213016,0.4298107,0.51016045,0.21580681,0.16071372,0.0032277836,0.1673259,0.2143577,0.22487676,0.23368506,0.20306776,0.29321936,0.29343173,0.32324994,0.47079328,0.25744843,0.19238585,0.16953222,0.23146477,0.23423362,0.2982251,0.23825812,0.24961425,0.3235046,0.75255924,0.6041449,0.17349859,0.20612872,0.35347897,0.41407305,0.143126,0.20116098,0.2197263,0.36711997,0.26366562,0.3848106,0.9116134,0.5769693,0.19446473,0.16330972,0.18038681,0.24956845,0.22688541,0.38807452,0.3665222,0.23823622,0.56874156,0.347655,0.19232586,0.47848055,0.24446468,0.34567353,0.32028317,0.5123583,0.7540581,0.60601526,0.22354515,0.72161335,0.44681853,0.19868961,0.19583456,0.24026267,0.28705966,0.50440687,0.48887035,0.18173078,0.25509372,0.28747696,0.017827353,0.12623769,0.063435905,0.02682605,0.27178645,0.0855197,0.04826133,0.2564035,0.100123785,0.086805984,0.21304578,0.052589517,0.15054487,0.37842026,0.085892305,0.11133356,0.11169667,0.030294832,0.06349572,0.10999985,0.26860455,0.07689902,0.048330463,0.11701559,0.31599602,0.111508995,0.020967668,0.004781213,0.19679752,0.024193658,0.53430873,0.005741821,0.03331688,0.095285796,0.0036004586,0.15365975,0.10451602,0.05813468,0.07626777,0.23030484,0.05501531,0.05834127,0.07530409,0.37619284,0.13600077,0.16251178,0.22111252,0.1229164,0.15549171,0.21901499,0.08350651,0.36896488,0.11366643,0.14473084,0.033697266,0.22608672,0.037844546,0.06278074,0.04606675,0.08028464,0.05716898,0.11749213,0.33325872,0.18697639,0.25382978,0.16131912,0.061025757,0.15658951,0.49564376,0.36917356,0.06756542,0.030307183,0.033874065,0.030199992,0.06453753,0.46289596,0.10834434,0.1121279,0.10664531,0.0657133,0.006533568,0.14490305,0.2955823,0.32391196,0.11295629,0.79201025,0.15134953,0.07079155,0.04986512,0.13283086,0.049722448,0.22528267,0.020700017,0.11588493,0.10136506,0.12663788,0.07495212,0.016052045,0.01540951,0.434677,0.0069674756,0.16901192,0.09802943,0.4528515,0.2900051,0.023325568,0.15328631,0.07957567,0.00895917,0.16094674,0.093219444,0.0705485,0.031265497,0.090695806,0.3205714,0.044512857,0.05180883,0.0686993,0.026633637,0.13346489,5.0443894e-05,0.064958654,0.062830955,0.012912457,0.09310583,0.35147563,0.1960076,0.089464195,0.00032805605,0.06872662,0.11337713,0.1315315,0.20436423,0.11019745,0.0,0.11726477,0.19917718,0.13103396,0.06802693,0.28440318,0.0072466154,0.1678157,0.10558301,0.116173625,0.12791158,0.035148226,0.15100186,0.033291698,0.07030205,0.095307894,0.0,0.08775778,0.10483434,0.10421409,0.104698986,0.033748195,0.10246487,0.3005514,0.22714293,0.2574168,0.36406514,0.06011809,0.06923208,0.010567705,0.08488064,0.120781936,0.16512686,0.0809909,0.5401083,0.0287375,0.10821483,0.30392092,0.021394076,0.049289666,0.061643556,0.0060352935,0.096172936,0.2966612,0.46056455,0.17740932,0.23858401,0.009704361,0.22223745,0.06576679,0.025571926,0.07062149,0.13543579,0.006296232,0.89163053,0.28945747,0.10258751,0.117952,0.02860373,0.15959202,0.15521853,0.016970366,0.10865282,0.07479446,0.4238916,0.18213382,0.1361146,0.008904986,0.038115155,0.07000293,0.109958746,0.23249541,0.24031506,0.11142612,0.058836702,0.028657323,0.011690777,0.33701426,0.08302462,0.13169262,0.0055889646,0.51305515,0.12453622,0.0,0.05870674,0.13266079,0.07198914,0.23702048,0.17230484,0.029584303,0.19339007,0.00046591955,0.7030279,0.0168747,0.5312771,0.18527353,0.43602777,0.017140392,0.28744316,0.018388579,0.032338195,0.039009277,0.26290852,0.069055595,0.13868739,0.24211648,0.09696261,0.062992066,0.09491568,0.25285628,0.26017195,0.12393888,0.025980432,0.060616955,0.25855124,0.04736573,0.23798725,0.12124724,0.08065791,0.06067651,0.15024175,0.47759917,0.077206254,0.090315096,0.017484635,0.3594144,0.025342543,0.11170734,0.013000265,0.08053873,0.120870434,0.100520924,0.058904707,0.290841,0.006721922,0.05084616,0.097065926,0.28848207,0.3494503,0.07937825,0.28421584,0.33214858,0.4688674,0.039631147,0.105716,0.13144615,0.05800453,0.1345214,0.06651433,0.2079276,0.15475306,0.07687029,0.098905824,0.035328627,0.07626634,0.046625804,0.067358755,0.0594481,0.19733085,0.20429121,0.17477211,0.038060036,0.09834108,0.087031014,0.036934987,0.11883697,0.064214535,0.12592447,0.0,0.11246675,0.0026806763,0.16035968,0.01741171,0.11059403,0.0720109,0.36672783,0.2481357,0.21530394,0.1827198,0.103521466,0.014672991,0.13044797,0.701131,0.25624347,0.64398164,0.11509908,0.04772782,0.008096986,0.020830655,0.11256079,0.03019223,0.16243367,0.05473458,0.097212754,0.08396263,0.12572776,0.11558382,0.13943517,0.09297745,0.08196401,0.08359051,0.14114814,0.6766932,0.005750072,0.16157275,0.007963635,0.025567029,0.19645076,0.23160456,0.51230663,0.5726291,0.07985117,0.16242862,0.11760004,0.2598781,0.014452812,0.1614343,0.16077642,0.018217413,0.20923015,0.5302693,0.21575843,0.2980883,0.1027249,0.104063444,0.053456675,0.17252034,0.1562558,0.13745242,0.16303106,0.28072307,0.019907385,0.07145523,0.07442269,0.11466604,0.022792215,0.06882599,0.18631248,0.24687552,0.15445447,0.090470515,0.21082753,0.18310113,0.08625072,0.33413836,0.034442928,0.32087559,0.43814635,0.063820146,0.19334035,0.533538,0.19064806,0.048264388,0.17406285,0.19243965,0.15090008,0.051942524,0.3873576,0.1085298,0.21754229,0.16941944,0.120892264,0.4104061,0.43868142,0.369445,0.093221165,0.22046816,0.06695605,0.30319992,0.123177364,0.005922339,0.30141282,0.18074512,0.13480553,0.20324992,0.13151613,0.19063917,0.122421555,0.070676066,0.111450896,0.21032275,0.049567636,0.11190942,0.46116176,0.1883215,0.024313644,0.3256553,0.013918292,0.29756442,0.045666587,0.15915176,0.2011322,0.36675468,0.03225112,0.078411095,0.0009082854,0.6001159,0.6633214,0.54982936,0.19325078,0.21625678,0.0,0.060543902,0.074674,0.008019831,0.01169263,0.13828912,0.39405462,0.46693918,0.15795271,0.2524125,0.10085023,0.31102666,0.2634898,0.0,0.124729,0.074130304,0.08559983,0.36988485,0.18595211,0.16168982,0.19041857,0.009670767,0.21779895,0.10301362,0.25673983,0.062886596,0.9506042,0.6206162,0.24968572,0.1883018,0.49884775,0.08772522,0.21085674,0.23189487,0.07431698,0.017013306,0.5261074,0.234643,0.06337734,0.22572751,0.3000522,0.22197671,0.1442307,0.029574782,0.3617795,0.5365105,0.0017336144,0.088936165,0.08834226,0.44156396,0.14120868,0.046745855,0.0022811051,0.0,0.25170723,0.04601649,0.016581066,0.23390827,0.78363115,0.005864164,0.10919625,0.21221496,0.07063147,0.05466987,0.13229716,0.13660595,0.5223403,0.0056715948,0.13065,0.09644352,0.18211633,0.019175962,0.17168,0.1479771,0.17867525,0.022493694,0.16531777,0.8513585,0.38344178,0.8870133,0.5829281,0.63365096,0.23175706,0.21144706,0.13547409,0.0030206928,0.070230715,0.1357736,0.14917892,0.2814975,0.5431156,0.5515181,0.62614816,0.0,0.11721127,1.6819774,0.26335186,0.089458495,0.18077692,1.7373165,0.3553809,0.13695154,0.023935534,0.031953335,0.2913309,0.60530764,0.45985144,0.31819513,0.27977625,0.0,0.17117253,0.4960356,0.031220961,1.4747181,0.18768646,0.5152891,0.25738433,0.30657548,0.044057705,0.652375,0.04352063,0.53136486,0.46415415,0.03962451,0.023037704,0.09696347,0.9534597,0.0155419735,1.3568044,0.16172788,0.23374201,0.24765758,0.3282466,0.05364792,0.0,0.41806918,0.14976494,0.30974117,0.52937376,0.30608,0.42955452,0.4421903,0.45915657,0.43689698,0.0,0.12603977,0.52992177,0.23918031,1.2149107,0.20766962,0.48813987,0.10111796,0.23535539,0.45908263,0.4323851,0.30179998,0.07621928,0.41259688,0.38821,0.1492949,0.70620036,1.1045831,0.012425501,0.16273536,0.17620139,1.1647636,0.92940325,0.4768298,0.17323434,0.47174352,0.19932221,0.07749481,0.06130822,0.05950484,0.64504373,0.0,0.33795238,0.25446153,0.7715055,0.36082968,0.0774469,0.8497146,0.4147079,0.05570541,0.0,0.35119632,0.4412335,1.1647577,0.7119936,0.10184913,0.410913,0.3456442,0.39911813,0.40981776,0.6721151,0.41198385,0.04919253,0.12652127,0.3468286,0.083484076,0.02357072,0.08619624,0.55370146,0.45603222,0.1267921
0.30360493,0.32254457,0.466569,0.6937207,0.41521376,0.21880226,0.34095785,0.56133246,0.15951207,0.64307874,0.19585218,0.22638519,0.2723338,0.16333932,0.19024006,0.2620143,0.29096845,0.23262616,0.19392668,0.16633141,0.24390921,0.2622682,0.50224644,0.085329056,0.30430043,0.1902067,0.18418355,0.16202544,0.3961219,0.3907505,0.56792337,0.25020579,0.12839042,0.555132,0.2730151,0.09043912,0.1659216,0.23998693,0.2663431,0.23642147,0.12279877,0.46867266,0.29291075,0.24199316,0.23702551,0.09495311,0.21620384,0.27756453,0.3302751,0.19780415,0.41126922,0.21666753,0.16947353,0.268903,0.55532867,0.26402357,0.19151396,0.41352957,0.34469792,1.0815171,0.3616545,0.3356313,0.24647331,0.21678674,0.7225814,0.18850577,0.32902467,0.19994278,0.6784246,0.5649496,0.2794333,0.9767614,0.2222004,0.23162335,0.3804485,0.20708947,0.24157609,0.49658784,0.52574307,0.22307645,0.38152584,0.31982774,0.17790265,0.6154576,0.46396112,0.17241725,0.37114444,0.48390937,0.49656576,0.361681,0.37035105,0.3055463,0.7995394,0.261084,0.24403195,0.6212887,0.14879598,0.15767188,0.37841758,0.13447796,0.2673932,0.37235045,0.20971303,0.56240624,0.3583631,0.29374862,0.25167558,0.16295731,0.7897138,0.7778976,0.3350282,0.21441394,0.49717557,0.39754984,0.45366988,0.3178352,0.24513346,0.8468855,0.767508,0.17992765,0.5724179,0.21314214,0.60371226,0.35402206,0.116672255,0.20409936,0.14310439,0.1486657,0.28271317,0.4079023,0.3639439,0.5326745,0.22353725,0.25231442,0.89283425,0.28809243,0.11908451,0.2508497,0.81645185,0.25934005,0.2725407,0.5127061,0.305946,0.2634986,0.41786325,0.23437224,0.33929276,0.20268913,0.24091595,0.6135555,0.18700264,0.2543781,0.14702302,0.16728726,0.18961486,0.99526006,0.19774817,0.3291051,0.3557021,0.48345277,0.19737244,0.1707556,0.21841827,0.35962686,0.26341832,0.13395475,0.42318204,0.18351306,0.21425195,0.43253386,0.16357236,0.23157877,0.37012723,0.1495058,0.4069531,0.15360492,0.31950364,0.12119894,0.39617288,0.19423193,0.13522524,0.16067846,0.21295446,0.19013596,0.8454481,0.43453965,0.33894816,0.4873019,0.19295527,0.15688464,0.27315882,0.1664975,0.17020491,0.33619842,0.46476147,0.28823125,0.2143364,0.4934809,0.21427546,0.31154633,0.2850494,0.18044598,0.15705284,0.59224933,0.26507038,0.13459665,0.8926064,0.18714513,0.1692875,0.5984655,0.2840141,0.1634854,0.2510949,0.1480397,0.21953385,0.22069499,0.29491872,0.18479615,0.54235333,0.18942288,0.25586298,0.29236898,0.22903799,0.7396075,0.4275636,0.35586128,0.19117433,0.5588137,0.28036022,0.2759241,0.20271887,0.6540529,0.32766575,0.1510167,0.29176778,0.3006697,0.17118599,0.29450884,0.26232442,0.202819,1.1082534,0.4623708,0.3010841,0.18065085,0.4168257,0.3000932,0.21092074,0.742732,0.22423744,0.49645945,0.14075723,0.25110084,0.14655524,0.15992999,0.16517633,0.22016084,0.27900907,0.12492044,0.19513151,0.22040679,0.26794815,0.8660364,0.18887195,0.22144808,0.1241315,0.20578416,0.5823573,0.639126,0.23916179,0.3416414,0.15967949,0.18575664,0.28325525,0.16422349,0.22246964,0.19476654,0.2073004,0.5994917,0.23915635,0.24476968,0.33010912,0.37731767,0.7497835,0.24013352,0.17402314,0.16303353,0.27430397,0.13742161,0.4770871,1.1288949,0.23042858,0.14766543,0.21384068,0.45817968,0.27325407,0.1944772,0.2430048,0.41933644,0.3543664,0.7030604,0.3721025,0.2457208,0.36886162,0.44322446,0.32056955,0.41101667,0.25403565,0.35151166,0.8929672,0.8233998,0.44823486,0.32042733,0.26995888,0.47378552,0.20659582,0.25836775,0.69092417,0.35606998,0.45589572,0.22183165,0.25698292,0.013499089,0.2673536,0.22841363,0.34119514,0.20372048,0.22339985,0.2896753,0.3278874,0.14649133,0.65906525,0.3010491,0.17267632,0.18325526,0.30677605,0.19729531,0.3045063,0.24421677,0.3012005,0.18065013,0.51601213,0.88014853,0.16887328,0.1757604,0.3935248,0.3706935,0.14328545,0.17277242,0.48354077,0.62866557,0.34296408,0.27801588,1.081563,0.723956,0.2241434,0.14764099,0.15381633,0.20208466,0.2549969,0.45747927,0.53177303,0.285929,0.57703,0.75688815,0.1920109,0.5236357,0.24771535,0.31606653,0.4075787,0.3883493,0.72950435,0.84480846,0.3697159,0.56755114,0.444283,0.26062036,0.3305678,0.21934098,0.16512042,0.2914066,0.7989213,0.2909229,0.27327427,0.26404446,0.029206771,0.08582507,0.10418806,0.15137036,0.25071374,0.0041184584,0.07235382,0.07468709,0.38715526,0.09607068,0.15194519,0.060477752,0.0641081,0.533724,0.070995994,0.13937806,0.031441223,0.017272018,0.10077801,0.09441681,0.07413595,0.075153746,0.04573417,0.17403787,0.02524523,0.104887255,0.03145216,0.0031104954,0.07830581,0.15072979,0.5665854,0.0003848714,0.020263167,0.157408,0.03253101,0.07767895,0.09730038,0.052848954,0.1110604,0.2693481,0.006083182,0.101149775,0.09954209,0.19288266,0.050312858,0.1802719,0.17067158,0.07406189,0.13860597,0.041102413,0.1639812,0.11774683,0.13682371,0.08075674,0.038423233,0.6102052,0.056391537,0.07600702,0.24429524,0.060922507,0.062482886,0.12053754,0.2541217,0.019948414,0.13645875,0.1199906,0.062690295,0.177524,0.0023501772,0.13197258,0.0,0.050234813,0.04720654,0.04720052,0.0209961,0.11318124,0.08470229,0.101925366,0.17786184,0.041702084,0.0004169884,0.13583553,0.17388685,0.5751313,0.14445859,0.8611789,0.12884732,0.0567255,0.0,0.111159876,0.010765725,0.46900365,0.003991832,0.07354005,0.116375566,0.068096034,0.023483777,0.011002616,0.013384623,0.3615416,0.0015044599,0.041460343,0.010039281,0.17912152,0.08590513,0.008092233,0.002109901,0.27581003,0.012263633,0.10232545,0.08068157,0.054902583,0.037850138,0.22081266,0.11835542,0.021154985,0.057673566,0.085582376,0.0048759794,0.1441993,0.0,0.10027436,0.040570073,0.020607725,0.1615108,0.26556426,0.12683487,0.084036514,0.0056930506,0.07280158,0.0831334,0.18411642,0.20183873,0.10822214,0.0,0.09635549,0.051499918,0.12710114,0.06389943,0.5185791,0.049413666,0.16280513,0.24822532,0.10645227,0.059321627,0.11509076,0.16141295,0.012852062,0.11848577,0.07235023,0.0210852,0.17526339,0.044062044,0.09364914,0.19883308,0.11117047,0.12792958,0.2628503,0.117711015,0.0024179984,0.3272369,0.01142042,0.07575758,0.18157846,0.07767599,0.11041659,0.10256723,0.066541195,0.8354803,0.028183771,0.116992444,0.17025062,0.009376157,0.14423747,0.051587004,0.027240798,0.10484964,0.23691843,0.13726403,0.15114567,0.25521496,0.04183215,0.28833598,0.054087784,0.024551662,0.064845555,0.12406073,0.0,0.554574,0.2249105,0.09645799,0.08741559,0.01895335,0.14773202,0.20437396,0.005261854,0.11702436,0.080511615,0.021678511,0.0441065,0.16033354,0.0042644856,0.00035652803,0.045626406,0.06461805,0.16328749,0.11909166,0.070296034,0.004306065,0.04851821,0.0068939603,0.2728208,0.054874796,0.009798007,0.08763915,0.4593477,0.1317791,0.0,0.08766677,0.13645168,0.07264682,0.13979472,0.37244532,0.008277524,0.14329414,0.018419137,0.93121535,0.00076897774,0.26733577,0.17319033,0.3798669,0.013531347,0.27305722,0.0,0.006304739,0.031821836,0.03673247,0.035536125,0.097241946,0.03381438,0.09718097,0.022439176,0.090325795,0.511741,0.0,0.08287096,0.025670692,0.15922022,0.43405393,0.06289591,0.00014711461,0.013889313,0.07840982,0.05396743,0.15285847,0.3968356,0.07558532,0.05965594,0.009476276,0.22463113,0.021393482,0.12428071,0.0,0.061403032,0.09607834,0.07285529,0.1047527,0.2576467,0.038968056,0.052571896,0.10618902,0.13518153,0.14517869,0.057803977,0.0059251664,0.06320652,0.63577974,0.075508475,0.03254731,0.14478196,0.057086565,0.12320074,0.062167056,0.19875337,0.07209702,0.007151919,0.103137374,0.009919296,0.07095061,0.04276724,0.23842114,0.019146562,0.019969553,0.23519923,0.12836182,0.036301937,0.08867193,0.34020644,0.04469754,0.2958743,0.0,0.24674793,0.01617949,0.12592994,0.00045419758,0.24773623,0.014673607,0.097210824,0.046053104,0.31284416,0.58768624,0.35003912,0.12815742,0.2264313,0.0,0.13043465,0.52094036,0.050431095,0.40587834,0.23808339,0.044757385,0.002524091,0.11910717,0.111073375,0.032998893,0.25136995,0.05592841,0.083893366,0.0,0.061761145,0.112158164,0.04844414,0.1757499,0.08864495,0.27721184,0.2154683,0.16102111,0.0019994471,0.1497993,0.0,0.056228172,0.18068932,0.16583203,0.65185654,0.815019,0.022518264,0.08788086,0.11603445,0.24303621,0.013694905,0.11101347,0.0930019,0.01692615,0.11640774,0.107929885,0.56304634,0.38130987,0.09927145,0.09992683,0.039446037,0.29460752,0.16514173,0.12559336,0.19919124,0.04948055,0.012390188,0.013400502,0.07805124,0.101726934,0.010340952,0.07747011,0.077406324,0.20387575,0.06041304,0.11012876,0.03770547,0.1012743,0.10735709,0.3770735,0.014399205,0.42133692,0.08348907,0.18182208,0.11385471,0.30277005,0.20976707,0.047804438,0.15246211,0.23598027,0.15602376,0.043401357,0.08517332,0.08196386,0.23502615,0.15799299,0.15458958,0.24476223,0.70290774,0.44221145,0.0009804047,0.20858102,0.015365719,0.06458174,0.081823446,0.073837265,0.17281,0.17139252,0.09051106,0.43443134,0.08823021,0.121259935,0.021682825,0.0117082475,0.17045432,0.18901283,0.093936,0.14528422,0.26355612,0.17837822,0.01685184,0.21509871,0.11396881,0.14150739,0.0085976655,0.31912315,0.18747766,0.28188404,0.0,0.15990078,0.004617088,0.13930188,0.6527513,0.4416242,0.12196824,0.45181265,0.24576582,0.044967636,0.06927223,0.014977476,0.05627138,0.17334454,0.027857812,0.09963153,0.6181395,0.16397586,0.082370885,0.021726139,0.040125977,0.0,0.19363423,0.06420003,0.21740112,0.3437453,0.2887553,0.124623895,0.17819294,0.028424263,0.2616931,0.11526353,0.17307046,0.04193012,0.25258994,0.29358402,0.23188254,0.1895508,0.28612372,0.07243047,0.058053456,0.19576065,0.08013137,0.17210637,0.52597725,0.28763282,0.06720234,0.36238846,0.47929507,0.26604977,0.060107473,0.018142857,0.2476171,0.7294992,0.0014830822,0.06693777,0.024455843,0.5623088,0.00041531184,0.04999596,0.0,0.0025581617,0.25921962,0.19141509,0.05730486,0.15194593,0.25065926,0.11325791,0.18018505,0.17675541,0.06957117,0.046479795,0.016954437,0.045049205,0.19926298,0.0979091,0.3679292,0.11998838,0.1469579,0.0,0.16635554,0.15756673,0.7336498,0.03341533,0.022129105,0.3237561,0.494104,1.0792795,0.29417557,0.4656042,0.32151756,0.3153493,0.14962938,0.00070920173,0.0,0.26505288,0.11044921,0.04641698,0.19543153,0.022590341,0.35906193,0.00022599866,0.13556069,1.3720317,0.118057325,0.14210792,0.18531615,1.5596985,0.047457602,0.34615746,0.058351107,0.25508872,0.17446275,0.588413,0.5177955,0.01003873,0.14158083,0.14657007,0.28519967,0.45198864,0.0076904395,1.5046905,0.16018982,0.41210476,0.03565205,0.19429031,0.057682924,0.57050866,0.04013442,0.66188484,0.9188345,0.10075004,0.07105407,0.09539431,0.95043665,0.14435047,0.94892216,0.22662961,0.00041099638,0.23783888,0.4613205,0.03459397,0.055965204,0.14448453,0.14239138,0.27086192,0.35945472,0.6496072,0.60917807,0.090780355,0.17055275,0.64250964,0.029061876,0.17444721,0.73345053,0.035501983,0.48070222,0.06620212,0.1770917,0.05880688,0.03909744,0.67989826,0.14754531,0.16603309,0.31649923,0.41729015,0.21849024,0.32661426,0.4918036,0.42449597,0.13624537,0.26988083,0.13174035,0.6504169,0.74266315,0.6518784,0.07434335,0.44434524,0.15874372,0.19517522,0.0,0.09657498,0.5063634,0.0020284276,0.4170586,0.19723608,0.39539263,0.5120968,0.08607164,0.3344857,0.6521101,0.058107268,0.0,0.48386407,0.66508174,1.008443,0.86091334,0.37159908,0.23563524,0.2782336,0.24072273,0.0975809,0.6786724,0.2311961,0.0058588944,0.3241012,0.23699047,0.18724613,0.039472327,0.14141172,0.27796137,0.36294046,0.03521819
0.18166053,0.24436557,0.2893525,0.5506398,0.37549525,0.17580223,0.26757905,0.19059578,0.16228579,0.45905188,0.24234541,0.1849477,0.25269014,0.111029744,0.19699496,0.22831313,0.3259681,0.23806717,0.1851876,0.20522745,0.38594276,0.29760808,0.4000464,0.10305955,0.34481734,0.267624,0.17008954,0.14390829,0.2755452,0.2722399,0.26554158,0.21880858,0.095873125,0.39012593,0.31587088,0.041359086,0.19553262,0.5087798,0.28532317,0.27310923,0.11123822,0.29480624,0.24738924,0.12464123,0.3831398,0.12897575,0.17312542,0.2742598,0.3958988,0.23873547,0.18843019,0.19198386,0.12184629,0.28171664,0.5012143,0.27458742,0.1595028,0.21402596,0.3261793,0.69402516,0.27938682,0.31362092,0.20119005,0.28042716,0.46069747,0.1672813,0.2071737,0.25707516,0.38721967,0.41180202,0.39315283,1.1596366,0.18893482,0.21787034,0.4776058,0.26882467,0.27842993,0.58841395,0.44518825,0.29113284,0.2719804,0.47904295,0.19537805,0.42136154,0.17646828,0.20288736,0.30614698,0.52406645,0.4865049,0.4185793,0.40436134,0.2679883,0.43870252,0.19268787,0.2653043,0.40369907,0.10661889,0.102159984,0.32717872,0.1295254,0.25474742,0.45461938,0.15842457,0.3689513,0.35456342,0.20364143,0.19625452,0.14439419,0.47678494,0.60119253,0.3041088,0.19551374,0.35095674,0.3608941,0.37715605,0.17974542,0.15779376,0.54758614,0.6704707,0.13292149,0.42130864,0.46632653,0.668125,0.22080524,0.108529955,0.15176092,0.07737176,0.10140083,0.34056062,0.34397948,0.16753282,0.29892525,0.24528037,0.17150694,0.81458825,0.28392485,0.1037647,0.3247982,0.5878232,0.37671983,0.18893097,0.6997027,0.38378617,0.3446639,0.62309414,0.21923028,0.25675628,0.20175728,0.19277273,0.40739682,0.1781608,0.34292942,0.15148772,0.19720486,0.14975204,0.61399674,0.18120271,0.2878702,0.36414212,0.43266195,0.16918175,0.17443809,0.22069545,0.16124985,0.30540055,0.16006532,0.19540134,0.17501232,0.14374463,0.23794353,0.25842008,0.24205063,0.32234794,0.16972336,0.3231469,0.18402176,0.3386617,0.14698304,0.3539397,0.14044179,0.12889215,0.17647272,0.13902618,0.19294474,0.37422702,0.51607126,0.2145195,0.5297734,0.15318404,0.13943385,0.33719596,0.1908285,0.16611123,0.3312551,0.54024446,0.20285523,0.20235603,0.464845,0.20826265,0.24220334,0.21821497,0.2663509,0.15648574,0.32671356,0.43506494,0.11434879,0.7848658,0.19410604,0.13887922,0.49662083,0.17919508,0.13689417,0.17478812,0.13656771,0.21482784,0.23719287,0.33320424,0.17904678,0.5076195,0.33047387,0.2532441,0.34143883,0.2155585,0.55631286,0.42120662,0.13767993,0.24138777,0.55884093,0.21797363,0.23871244,0.2083293,0.56904835,0.38010335,0.15682808,0.15761483,0.37735295,0.11736383,0.28139034,0.2253002,0.2496669,0.9011549,0.64036053,0.15613978,0.22460459,0.31106535,0.20394076,0.17077234,0.38415542,0.26436,0.60845804,0.18020743,0.2630568,0.12632038,0.13841426,0.19344796,0.183822,0.2111927,0.16847634,0.2231746,0.18621194,0.34428936,0.5391286,0.19639817,0.18765435,0.10752078,0.19178562,0.6276853,0.61439025,0.19151779,0.13910763,0.23604654,0.15437214,0.2720526,0.15975083,0.20097345,0.22685821,0.2702785,0.8693029,0.20775269,0.23068969,0.24094512,0.4679591,0.61522436,0.3888203,0.09216006,0.2022949,0.19674905,0.17169958,0.43927372,0.80841184,0.14368743,0.09551704,0.16090031,0.23366573,0.25609317,0.20350203,0.2805723,0.3669598,0.23507524,0.46169546,0.17775887,0.3640606,0.31324586,0.34858775,0.32936004,0.38171616,0.21713535,0.33862725,0.84236425,0.515925,0.28560218,0.3556648,0.25013527,0.6428831,0.18414468,0.24831882,0.5222483,0.29893413,0.42839003,0.29788288,0.25725403,0.09101007,0.15819983,0.1574644,0.21405654,0.16050017,0.31285197,0.24598667,0.18908627,0.09559024,0.5746152,0.27480295,0.17157161,0.20086806,0.20783761,0.13864104,0.15393984,0.2188734,0.2566671,0.22095415,0.5242956,0.6141177,0.1715706,0.16920502,0.34593952,0.27348113,0.19813272,0.15366982,0.2805209,0.50354874,0.16165456,0.33451954,0.766804,0.64269024,0.17903303,0.1505272,0.1296075,0.18821296,0.17920579,0.27236596,0.28850555,0.18116678,0.59696347,0.4830984,0.4108168,0.457584,0.21938227,0.29826117,0.40649474,0.30331054,0.6670934,0.7344727,0.21902485,0.47625667,0.61354595,0.28274652,0.23877984,0.2262987,0.36557212,0.440448,0.47734046,0.2477188,0.13461098,0.29308298,0.014384574,0.014521019,0.099112414,0.0045856554,0.20221986,0.0,0.03893144,0.2567517,0.1864914,0.07424445,0.07434677,0.0389497,0.025682323,0.65975016,0.037786365,0.07908361,0.055856917,0.0,0.09782629,0.07855836,0.13298285,0.06072346,0.010529562,0.065236546,0.020814076,0.030910501,0.029718691,0.050610684,0.272423,0.17185919,0.48810905,0.0,0.03893341,0.04056244,0.0014051467,0.3755723,0.12182226,0.022489531,0.022791369,0.2371787,0.035718206,0.22036633,0.026294192,0.27803788,0.042925045,0.14703685,0.19342342,0.06403633,0.120295726,0.3171565,0.06522079,0.048462015,0.055743184,0.048472706,0.028441396,0.5210066,0.053351518,0.041933,0.019043606,0.055706058,0.034810673,0.1280309,0.08770462,0.007938831,0.22136472,0.06851229,0.06337533,0.081853814,0.030871032,0.124644555,0.00051563105,0.0023890513,0.026848005,0.008807304,0.066547334,0.049149126,0.061545607,0.059422545,0.02618317,0.050145708,0.0020953268,0.10422873,0.13050203,0.78157246,0.108778596,0.47800368,0.09677223,0.0022300424,0.0,0.08342198,0.022962935,0.42971152,0.13429084,0.04332756,0.08073986,0.076542415,0.02520845,0.013419354,0.02274615,0.05443549,0.0,0.04216378,0.0942422,0.06385546,0.050939817,0.00080610893,0.0,0.098857366,0.019091342,0.03457836,0.059951268,0.06798612,0.018577838,0.015680619,0.03890507,0.009826055,0.04046892,0.039468452,0.0,0.11548887,0.0,0.030483577,0.01848001,0.0753899,0.06977823,0.05970251,0.09758486,0.057542946,0.0010632899,0.036513332,0.05905925,0.10593646,0.037913032,0.07094146,0.0,0.1842051,0.03429777,0.06670215,0.12353521,0.3799301,0.008499816,0.13475117,0.1643312,0.07430296,0.023521107,0.32380465,0.067623235,0.008152566,0.046232864,0.14007114,0.0401705,0.13335444,0.02826146,0.06627611,0.15085292,0.010489123,0.08896529,0.38542277,0.051983662,0.0028426412,0.7219752,0.0016747126,0.09835457,0.23671022,0.047762398,0.107602954,0.07455577,0.005146546,0.87551624,0.020993479,0.20209986,0.038247712,0.001081629,0.41931978,0.016985413,0.11226707,0.0434475,0.13731901,0.08217749,0.09774139,0.08734124,0.0,0.1678263,0.23011768,0.0024721064,0.036351994,0.013699179,0.002101994,0.23582987,0.34410822,0.07061336,0.04586358,0.028024925,0.1306874,0.37906522,0.003571669,0.08384534,0.04305239,0.1312791,0.011036659,0.11343762,0.0015811482,0.0,0.26821706,0.06994917,0.056331225,0.06165725,0.18602538,0.022550171,0.033908587,0.00044988134,0.19072089,0.038807437,0.0,0.07041681,0.110920295,0.06880647,0.0,0.30992734,0.11356852,0.024802588,0.09873221,0.18146197,0.0,0.067734785,0.0103060035,1.0116574,0.0,0.30843598,0.0412727,0.23858327,0.014923254,0.026031917,0.0,0.0,0.030859163,0.041408192,0.0037696974,0.018306412,0.0685427,0.049692865,0.023884032,0.046740647,0.21434468,0.026872907,0.06339896,0.025304832,0.09111167,0.34402213,0.033848077,0.0042184177,0.024508404,0.07049731,0.001927291,0.083260834,0.10821098,0.05755277,0.04457974,0.0,0.142674,0.01127262,0.09024846,0.020912895,0.029904058,0.17554396,0.08057918,0.056312136,0.1344424,0.0013602402,0.064147495,0.057250973,0.07930612,0.10988395,0.04556213,0.0,0.04433726,0.9938055,0.008822972,0.031285856,0.11005355,0.114434116,0.22780551,0.037352785,0.044127434,0.05246538,0.0,0.08047745,0.023233721,0.042268295,0.030407922,0.019394891,0.0,0.044450756,0.14050594,0.11887888,0.011513373,0.061580338,0.04905863,0.0051581403,0.2563048,0.0,0.14043425,0.05686267,0.01976062,0.0,0.040891726,0.021518216,0.085287385,0.040154565,0.19830494,0.13117363,0.059643365,0.050747287,0.163919,0.0,0.095128834,0.51331234,0.03984721,0.12545419,0.33326188,0.11336015,0.015555244,0.012379651,0.15436056,0.019578284,0.08229762,0.039315235,0.05427038,0.0,0.24018458,0.070561595,0.18687184,0.04569893,0.022301385,0.03717345,0.20123954,0.021829965,0.0030311595,0.06945663,0.0050746365,0.06205368,0.15192705,0.13028549,0.14057319,0.62225837,0.004735693,0.23712672,0.07644332,0.1618889,0.008619992,0.10907771,0.0901562,0.002317932,0.1414318,0.044194918,0.5920992,0.9302638,0.07723203,0.08590861,0.054275893,0.2707719,0.11623151,0.062491983,0.117658764,0.047129773,0.05310089,0.03632948,0.009064063,0.10110972,0.038907524,0.042830963,0.046221226,0.05420596,0.07031759,0.06965436,0.0,0.09956923,0.036232457,0.6580501,0.0028146151,0.17154314,0.08837502,0.045506097,0.11366028,0.19333863,0.21627146,0.051906984,0.12267882,0.14545655,0.116576314,0.023477811,0.043280046,0.07780442,0.17419477,0.16101375,0.26221088,0.14223693,0.32003367,0.33691245,0.09549463,0.38090274,0.040194873,0.13121663,0.19444828,0.020792859,0.10462732,0.13844234,0.061297864,0.069193676,0.055408876,0.0773345,0.020650465,0.025819222,0.38285828,0.20323925,0.06324178,0.030578433,0.09267521,0.1458186,0.19653666,0.15043311,0.0,0.34867275,0.03186691,0.13259616,0.17955811,0.32712492,0.002896683,0.017934304,0.025404384,0.5996174,0.28299296,0.33344954,0.18586478,0.3429008,0.3893015,0.0021832495,0.08474588,0.011682738,0.28468898,0.12509735,0.011015506,0.0045649353,0.46387762,0.02936019,0.16802949,0.0135976365,0.012768855,0.00049475196,0.16665477,0.21097514,0.10994899,0.85919976,0.34659326,0.144205,0.14593345,0.0,0.19542842,0.087406434,0.11471237,4.39971e-05,0.10023057,0.08069942,0.14604597,0.19823667,0.11775125,0.11404846,0.1269726,0.17158847,0.108735554,0.36675185,0.72464097,0.48111242,0.086654976,0.2015517,0.28148335,0.20924884,0.038139574,0.029204192,0.5259404,0.44905558,0.003331324,0.034812454,0.05118585,0.286224,0.0013345568,0.4778187,0.0048706466,0.0,0.15936041,0.082729906,0.00046328254,0.1620084,0.084707744,0.018609138,0.0738709,0.23737676,0.11545216,0.048227657,0.00334631,0.04057152,0.13862087,0.009171299,0.44565034,0.050032534,0.56897265,0.0062965276,0.030042298,0.41496617,0.58224887,0.18395343,0.13628106,0.19056475,0.36307183,0.48766336,0.34235454,0.101778135,0.29768738,0.12960458,0.09294291,0.0004947627,0.122617,0.22089356,0.15772364,0.032965083,0.45366096,0.031324822,0.16945373,0.0,0.30283168,1.045057,0.5774744,0.22944024,0.40367585,1.4469864,0.0,0.21389253,0.23832332,0.062154584,0.22921447,0.18848869,0.087198205,0.54112375,0.027264839,0.12888083,0.25659323,0.10742458,0.012359832,1.34032,0.1513041,0.3625765,0.0026420567,0.40139633,0.05715551,0.6188268,0.16228518,0.903436,0.724773,0.03517082,0.2527249,0.06966944,0.79909825,0.32772297,0.60622346,0.16462527,0.10345927,0.16213933,0.33691677,0.05133536,0.055224143,0.036439758,0.10842514,0.23630208,0.5399139,0.047205612,0.45000932,0.010865636,0.23171315,0.09153722,0.02464582,0.19192468,0.21271805,0.3680525,1.150334,0.0015062921,0.081011176,0.017144622,0.010645869,0.396556,0.014286904,0.19837348,0.09350716,0.49216503,0.16238394,0.23131561,0.042376388,0.5889119,0.17230515,0.31789255,0.44338185,0.7442843,0.4601217,0.561067,0.069345675,0.23700054,0.39808553,0.843608,0.006147267,0.0005076815,0.118919626,0.2951114,0.41945767,0.20584714,0.45678118,0.5846421,0.06445874,0.30006033,0.56984913,0.13977768,0.044362694,0.14650193,0.14464651,0.87264407,0.7555707,0.47991845,0.5992965,0.33509076,0.15003349,0.2767704,1.379878,0.6035239,0.013242244,0.08236306,0.28727686,0.21134569,0.15070891,0.04389957,0.4394569,0.2802867,0.27172917
0.17862335,0.22877969,0.2570206,0.52288085,0.33004752,0.18952382,0.26513687,0.23292701,0.13876763,0.47871387,0.27546015,0.17628537,0.2607014,0.101591766,0.17300446,0.20062256,0.52021426,0.19473885,0.21269895,0.25616938,0.4236206,0.26286176,0.4479109,0.12609376,0.32212314,0.24441898,0.19377747,0.13408527,0.36197525,0.23951258,0.42926157,0.16072151,0.10478725,0.33677277,0.29599035,0.05095843,0.22308248,0.33815208,0.21295959,0.198336,0.14917561,0.34271762,0.27271843,0.1576293,0.25727522,0.06952661,0.16737404,0.3015182,0.38953716,0.2286152,0.2083186,0.14412183,0.10779523,0.23225535,0.52643734,0.195445,0.17728984,0.29511905,0.3669043,0.8760177,0.266299,0.31378594,0.16292204,0.22504976,0.55893946,0.17445487,0.2124471,0.14107579,0.3651503,0.45346543,0.24602902,1.2448386,0.26348248,0.24241881,0.59341836,0.314812,0.34019023,0.50495285,0.2717493,0.31542432,0.32832047,0.5177454,0.21914935,0.5149748,0.17086746,0.22568177,0.21137424,0.47463134,0.33232176,0.40964368,0.6477549,0.21094635,0.44701245,0.17499675,0.23890646,0.44835964,0.12057734,0.10616327,0.4251403,0.11874314,0.3063337,0.6185389,0.16690357,0.35476166,0.35356802,0.23721187,0.22844951,0.16645704,0.49894893,0.5727379,0.291726,0.197753,0.28853375,0.4188801,0.3376243,0.1815131,0.2558081,0.5540657,0.5801367,0.21039227,0.41910416,0.31090212,0.55789816,0.27912518,0.17917104,0.19711882,0.083546385,0.14980565,0.4334342,0.45498106,0.22017536,0.29685298,0.21371569,0.24024068,0.83638936,0.26303366,0.099440314,0.2801827,0.62511015,0.27104798,0.18935488,0.66917217,0.4012918,0.32664037,0.64310265,0.30896398,0.29640946,0.16945535,0.17870688,0.4843782,0.16743387,0.24716392,0.17098427,0.21736947,0.22329654,0.7267405,0.18660335,0.3725424,0.3420246,0.5355875,0.2061845,0.16079478,0.13414289,0.14985125,0.25285813,0.14185865,0.18975145,0.14985335,0.14619052,0.17630672,0.23682573,0.21119888,0.3511495,0.121727765,0.24303247,0.178781,0.2525279,0.14255618,0.4059863,0.15312709,0.15248278,0.17980589,0.14079903,0.18418102,0.39201456,0.5226974,0.25817287,0.46736878,0.2125143,0.10925742,0.38849008,0.1930819,0.1709785,0.2941153,0.47252414,0.18019566,0.29224765,0.4199232,0.19329338,0.26668513,0.14734916,0.27219713,0.16203278,0.2829917,0.31900594,0.11038059,0.7499146,0.2626624,0.1492062,0.44806048,0.20880637,0.1746884,0.19371477,0.11640921,0.26564345,0.3561855,0.26018667,0.18355535,0.50193524,0.23892257,0.21373963,0.30263892,0.16735676,0.7598366,0.34598482,0.16147119,0.25170684,0.6006132,0.19311179,0.27372167,0.1516719,0.5561282,0.3472736,0.18877399,0.2121917,0.23261225,0.11657387,0.35888848,0.26239002,0.16236964,0.81555814,0.58234423,0.21525478,0.22765489,0.34017932,0.17766806,0.20438887,0.41715994,0.25800014,0.43311578,0.22675191,0.24416363,0.114793,0.14988199,0.25445732,0.263913,0.22352682,0.13252743,0.30735087,0.25774965,0.216406,0.58304054,0.26404503,0.18986726,0.12556598,0.20254505,0.61025465,0.6394077,0.21964684,0.32478794,0.2599119,0.15120804,0.30353937,0.2038697,0.21611914,0.21672827,0.20333251,0.7846225,0.2520306,0.27613497,0.312506,0.40378842,0.5117778,0.36264193,0.08493549,0.21645452,0.29216114,0.1509544,0.41439182,0.86603063,0.13339949,0.11563606,0.1723606,0.37235072,0.20971347,0.16344269,0.28086254,0.29211804,0.25032043,0.3614533,0.17212592,0.4647583,0.5462565,0.29192302,0.28182253,0.5010886,0.23201706,0.27446964,0.84768695,0.54529715,0.20486224,0.22019316,0.24486277,0.6974573,0.17803892,0.24013011,0.3655403,0.4248634,0.4726594,0.32315862,0.23909602,0.069893725,0.14777279,0.16134942,0.17991683,0.1715959,0.3502163,0.18212435,0.18944831,0.0938013,0.5772903,0.28021893,0.2309424,0.18325315,0.27011135,0.19361764,0.15518811,0.16672681,0.19818956,0.22501299,0.5982039,0.4900163,0.17216392,0.17923875,0.37549263,0.3732544,0.19818898,0.14724217,0.2522994,0.4733313,0.20490576,0.48906186,0.83389765,0.8353113,0.21822844,0.14222763,0.12550941,0.21992454,0.18647817,0.2725882,0.34030402,0.20936109,0.691447,0.37030014,0.39923894,0.50712866,0.21694888,0.28094736,0.4313466,0.377975,0.7114683,0.76697457,0.20414819,0.5309286,0.45741883,0.26582,0.1890824,0.23259747,0.39669967,0.5117629,0.67398834,0.22651902,0.15734851,0.14579469,0.031628847,0.010854288,0.016694935,0.047425758,0.21579668,0.0,0.029872982,0.11930573,0.14397836,0.08617564,0.1088091,0.060754374,0.008383724,0.2934047,0.040189963,0.07076682,0.023950383,0.019335864,0.088151164,0.1296494,0.037798025,0.0714526,0.13325903,0.09522219,0.045732737,0.06320719,0.018066628,0.0022411477,0.18425988,0.20141822,0.32440227,0.0,0.0014264933,0.051169407,0.00013166007,0.25979146,0.025692845,0.033368245,0.11402473,0.14517924,0.045732517,0.063256636,0.06857512,0.14455412,0.055277962,0.24970888,0.05971065,0.073415264,0.11777494,0.33009887,0.038175546,0.06263211,0.14664029,0.06335966,0.018527156,0.14903104,0.074348025,0.10951798,0.014097979,0.08030505,0.03763726,0.17094758,0.10472813,0.00653126,0.22599047,0.0013055566,0.06312761,0.08262265,0.0018220945,0.14817873,0.0,0.007135413,0.034434006,0.007199735,0.041084703,0.10541321,0.091991834,0.07475997,0.093302466,0.032708786,0.0,0.10620146,0.18612778,0.23027478,0.112113535,0.27354047,0.10545574,0.009054522,0.0,0.08290996,0.030803913,0.24722005,0.080732174,0.046022628,0.07732769,0.05976925,0.057674486,0.031111982,0.008921096,0.047887295,0.003524201,0.050333392,0.014951659,0.06873597,0.04629151,0.008257458,0.018558837,0.07299922,0.016613347,0.037160765,0.07395902,0.03142182,0.021422047,0.03804417,0.09497055,0.11938966,0.04589769,0.032667577,0.0,0.114863485,0.002615305,0.051556997,0.042199902,0.055525154,0.120192625,0.09508166,0.08939669,0.059913713,0.0,0.035640873,0.063942045,0.06692814,0.0900766,0.09723866,0.0008668013,0.15627897,0.046950974,0.08615412,0.16130589,0.1741481,0.0054948386,0.14262521,0.05079809,0.08011458,0.019942679,0.14232694,0.07960068,0.018590368,0.049302828,0.09978702,0.0067455783,0.08030562,0.12224494,0.057614665,0.00593915,0.025216915,0.09570892,0.1685985,0.065367095,0.0015395767,0.54569644,0.057255194,0.07554287,0.10434303,0.053238165,0.16234237,0.079158396,0.0023279735,0.48471808,0.017847117,0.0702669,0.07216597,0.0026614396,0.18630013,0.00644617,0.028413368,0.14313559,0.115577035,0.11794196,0.08411912,0.10990505,0.014545044,0.055850603,0.20655169,0.011070898,0.05754124,0.010866061,0.014140478,0.29627186,0.18198705,0.079323,0.07518989,0.012723871,0.14090559,0.10813951,0.0017913942,0.114888825,0.043966837,0.020344295,0.017046735,0.08116381,0.036595635,0.0038029272,0.06968181,0.042708572,0.123516016,0.06391108,0.17368393,0.019800883,0.060973104,0.013744916,0.10146754,0.026520753,0.0,0.03405097,0.20687574,0.088329844,0.0,0.109219834,0.12335921,0.04124316,0.115627415,0.12769234,0.0030750337,0.011710867,0.003404113,0.56598043,0.0023642397,0.2183105,0.050213285,0.085734904,0.0039533232,0.027429849,0.0,0.0032720158,0.04617371,0.0008104567,0.0065214755,0.07944625,0.044411737,0.054294232,0.032432757,0.060145903,0.06872491,0.0073065395,0.074686594,0.02298329,0.08215676,0.14648205,0.04590443,0.0,0.011876134,0.059595317,0.010143986,0.107227,0.05535732,0.06334701,0.042266995,0.017091166,0.30303526,0.03200708,0.10352557,0.010363558,0.029804455,0.177807,0.08968124,0.101264216,0.018295513,0.00018949529,0.10403674,0.072724186,0.0897334,0.0954415,0.049670875,0.014369129,0.0034524153,0.5550917,0.019232448,0.064788245,0.098694876,0.051377375,0.26539066,0.041324556,0.10383672,0.1334373,0.0,0.06970401,0.0019628385,0.05744376,0.059516937,0.014686115,0.0,0.011696638,0.18638666,0.1349172,0.018462684,0.08378563,0.029780578,0.017425759,0.070590034,0.026511567,0.18790823,0.012317527,0.029217822,0.0,0.048663534,0.020917045,0.08214133,0.04471636,0.08544187,0.11837451,0.08653812,0.014213308,0.019604415,0.0,0.09033444,0.17513217,0.0201899,0.11314436,0.11931133,0.032474782,0.082139194,0.03217943,0.12023593,0.02627891,0.0944436,0.050309114,0.19368485,0.0,0.04973617,0.07040826,0.07367944,0.07432492,0.012993144,0.009242075,0.13386671,0.026525952,0.005927865,0.08162749,0.13646851,0.02090585,0.18085675,0.13136862,0.2699673,0.5542982,0.0025456292,0.15154302,0.08775984,0.17769402,0.00878347,0.075984895,0.13962682,0.010032211,0.0817299,0.060745195,0.21637228,0.5148481,0.087599255,0.10431455,0.059460483,0.05581611,0.13025653,0.059597995,0.12080202,0.043460418,0.10288709,0.01974073,0.11322614,0.11705316,0.0909374,0.04425458,0.040668968,0.05030445,0.028928528,0.21459445,0.0,0.085959315,0.051710695,0.37328455,0.0066839303,0.2327797,0.11982702,0.01251816,0.12319444,0.36411822,0.16577537,0.059275802,0.12861186,0.13574484,0.13102902,0.03117076,0.151873,0.08218025,0.18424316,0.12658441,0.20500833,0.47218323,0.32457373,0.44651422,0.0726893,0.24068195,0.06934523,0.07435682,0.06649599,0.0025501442,0.34680587,0.1467855,0.024067508,0.27233484,0.023097435,0.08771289,0.05841289,0.008214811,0.090076484,0.1615293,0.029809928,0.046462312,0.47152174,0.15253037,0.28739333,0.15197822,0.0,0.094759405,0.00030352356,0.23479876,0.18669385,0.030726967,0.0027242335,0.015838988,0.0,0.477398,0.539509,0.2755168,0.041708276,0.28437436,0.034216512,0.18620268,0.080134265,0.0025503004,0.043573417,0.13283862,0.0033210267,0.015524031,0.13484935,0.17104065,0.09257141,0.0733112,0.049841393,0.0,0.23877683,0.03612413,0.09459152,0.5355167,0.22393157,0.1408735,0.24332568,0.0,0.29131135,0.07087196,0.11135852,0.04628104,0.5349893,0.4382205,0.15840814,0.19598205,0.14225087,0.08409761,0.055681884,0.17465,0.08095056,0.17457077,0.13618767,0.32382557,0.11820211,0.36807013,0.4155287,0.32657412,0.03528232,0.03595368,0.21870267,0.44165334,0.0,0.047281556,0.047467373,0.3187663,0.019697092,0.0077987984,0.0,0.0017536526,0.17027478,0.020433351,0.0002445685,0.11833146,0.47266415,0.036302228,0.06933467,0.34936473,0.047484018,0.049788408,0.0039768694,0.04351557,0.14509657,0.24007274,0.183357,0.054454423,0.40515307,0.010133582,0.050826646,0.13918647,0.15321533,0.0048963414,0.086900786,0.5250539,0.4766827,0.9172053,0.445857,0.098911434,0.5140762,0.103060685,0.15323265,0.035327222,0.22461514,0.17916986,0.15568386,0.0093852,0.20038663,0.06614032,0.13402763,0.0,0.30337033,1.4023579,0.50145435,0.09867656,0.38236257,1.769197,0.0061494377,0.3892052,0.17386104,0.27642035,0.13955788,0.24166076,0.04404452,0.16898856,0.05017139,0.08968341,0.13657002,0.17246215,0.008625691,1.04933,0.17544338,0.50697637,0.0,0.2685984,0.0,0.5660409,0.28772178,0.76832813,0.62257963,0.023296716,0.5935172,0.07938398,0.625392,0.46285465,0.38166067,0.2180919,0.2007927,0.12920913,0.36054462,0.037970744,0.040046364,0.08502013,0.07235881,0.23104776,0.5158141,0.02751819,0.18973851,0.11781784,0.119658984,0.107578225,0.047898833,0.3732001,0.29888034,0.334745,1.362601,0.03755096,0.1421132,0.011942177,0.012737804,0.5772699,0.0516228,0.23774529,0.46071875,0.021528196,0.13229035,0.49605215,0.096566774,0.59975964,0.13386217,0.44636384,0.36866912,0.42620555,0.8887039,0.40278077,0.182064,0.2985431,0.24313098,0.8423524,0.010888462,0.0047614737,0.12105534,0.12634164,0.22204876,0.24349014,0.31110618,0.60220885,0.07201631,0.09909925,0.35040754,0.09029681,0.029212084,0.49995592,0.05901938,1.3323191,0.62173396,0.405492,0.68904555,0.33446938,0.15656784,0.1993554,1.3822508,0.6249978,0.0,0.23555696,0.15259336,0.27982572,0.08922055,0.038811702,0.2898549,0.2929444,0.13344356
0.16669822,0.22738062,0.28434542,0.44555363,0.3251446,0.21163781,0.24991238,0.22393402,0.137321,0.58778244,0.23491493,0.15965317,0.27445313,0.09873788,0.16346142,0.23950581,0.3845259,0.2279745,0.23831317,0.34711683,0.4093829,0.2580259,0.42433143,0.12385873,0.2601182,0.22489649,0.30381173,0.13782625,0.3910586,0.30984008,0.46158752,0.28010786,0.116976894,0.45253018,0.35799024,0.054550517,0.22380385,0.29603457,0.2788971,0.1767029,0.15725383,0.24860592,0.3349763,0.16377476,0.306746,0.09487307,0.19145222,0.24258666,0.4502168,0.1910525,0.23753071,0.15302727,0.112434,0.19736831,0.6215348,0.22276655,0.17076011,0.25987712,0.3688049,0.86078644,0.24725096,0.28032997,0.16707425,0.21511033,0.38730162,0.17224585,0.26654398,0.17549755,0.40567344,0.47714826,0.23768309,1.0103859,0.32778025,0.288334,0.50077057,0.35841978,0.41376352,0.5645833,0.3434116,0.25948605,0.51236373,0.63862133,0.24218622,0.58444846,0.40811688,0.16030623,0.23955531,0.45134503,0.49561638,0.3780804,0.627735,0.21426196,0.60426843,0.17739876,0.2051065,0.4736325,0.11593733,0.11201987,0.47306877,0.11908207,0.28763556,0.57698506,0.17568024,0.47189844,0.36372653,0.20940687,0.2523533,0.15443167,0.50536793,0.524768,0.37197396,0.23505631,0.41996333,0.40758464,0.4732221,0.29699817,0.24046464,0.64641434,0.4222887,0.17703706,0.53706485,0.4707239,0.57719904,0.33980295,0.14845338,0.17010081,0.07717014,0.11412884,0.29307508,0.62101775,0.24941458,0.42678607,0.2172915,0.21278876,0.7935591,0.3023768,0.09991089,0.28017363,0.6602176,0.27508917,0.24383374,0.5439965,0.34097657,0.28878328,0.53740585,0.3301225,0.27989325,0.17623068,0.20443769,0.50943714,0.16188416,0.243133,0.18382373,0.20632553,0.25491902,1.0211103,0.22874513,0.45312756,0.39038795,0.4348063,0.14779541,0.16225544,0.111669034,0.16851425,0.28079462,0.13659021,0.25557604,0.1548982,0.16475621,0.21337256,0.27349958,0.2191871,0.23820049,0.14526011,0.26330122,0.17751987,0.31849465,0.23105267,0.48148265,0.14485824,0.16617425,0.18369636,0.13073754,0.16758895,0.5664301,0.5817059,0.254052,0.53845495,0.23153916,0.1078494,0.24640368,0.15802553,0.17076665,0.29935148,0.53302306,0.1912246,0.29214346,0.36007756,0.18771039,0.23948564,0.1622885,0.2927556,0.20706823,0.3419089,0.3072844,0.11198704,0.5144071,0.19518809,0.1923269,0.5641766,0.25850677,0.22589147,0.15986043,0.14958407,0.3135048,0.33469325,0.3004555,0.17058182,0.56467164,0.24653105,0.23552188,0.25269377,0.16995658,0.76162636,0.37449643,0.17831899,0.24048564,0.51211226,0.22427754,0.32432356,0.12539527,0.7094152,0.3165356,0.18511596,0.24410234,0.26169324,0.11468068,0.425857,0.20431034,0.16880499,1.0194362,0.50121576,0.169055,0.20530446,0.34989056,0.18881983,0.19142157,0.41172844,0.21653129,0.39443576,0.20369135,0.26188558,0.10599597,0.16952202,0.20903727,0.25185987,0.21702139,0.102828085,0.2143543,0.2867889,0.25913206,0.66469413,0.27918965,0.20682979,0.12555934,0.19014148,0.6499019,0.48738748,0.16652945,0.40965638,0.22536252,0.17278741,0.3644371,0.20907205,0.21598792,0.21600647,0.23897798,0.7097128,0.19827831,0.2444669,0.27565837,0.316324,0.7579048,0.30946803,0.10229702,0.20210087,0.35525218,0.13522944,0.4225281,0.74646884,0.20373142,0.096176915,0.16686504,0.38953993,0.2403029,0.1291636,0.2206262,0.31148085,0.22562623,0.43267465,0.20056242,0.36827734,0.49651423,0.31701976,0.27562162,0.46531564,0.2408123,0.22673802,0.6562994,0.5845639,0.2115561,0.30072764,0.31643656,0.5993817,0.18169849,0.25724337,0.34554556,0.39149705,0.4146689,0.4105833,0.21710671,0.05980078,0.12897722,0.18700257,0.25599223,0.2824678,0.39392272,0.14172752,0.34709144,0.11069717,0.62083125,0.30102715,0.1907653,0.18127409,0.33422953,0.17630763,0.108347066,0.25662425,0.112858966,0.18118078,0.5194843,0.51825756,0.17117374,0.19755542,0.3217642,0.46069142,0.18278791,0.23044245,0.2785911,0.39529496,0.14878008,0.38231137,0.80532324,0.75125813,0.19776489,0.15043461,0.12890394,0.23674573,0.2686066,0.2162135,0.44230407,0.19639242,0.74209255,0.46807605,0.33481067,0.48863974,0.20433024,0.31551045,0.50262064,0.34836397,0.8740401,0.6105311,0.22852446,0.5570541,0.4823341,0.30023083,0.18943195,0.24302769,0.26582962,0.31302336,0.6119942,0.2694941,0.15821746,0.25878823,0.03834163,0.037664685,0.0091108065,0.11270271,0.18447201,0.0024932576,0.030852117,0.075219765,0.10629034,0.14435688,0.07017863,0.25410146,0.045015797,0.2791,0.044662397,0.06086741,0.022986285,0.07447345,0.2454343,0.15130651,0.10961703,0.07461775,0.013731336,0.09873003,0.14685912,0.042834897,0.022695987,0.30393827,0.041000716,0.44714004,0.25079188,0.001358118,0.03842721,0.23019652,0.020661512,0.17149162,0.042426653,0.036319416,0.0360865,0.07297796,0.011303905,0.19822693,0.021349793,0.14502656,0.06232092,0.35420796,0.08884019,0.05503221,0.1288351,0.16576616,0.17145655,0.11903722,0.24207535,0.07674663,0.13915667,0.24469693,0.035973594,0.09490623,0.29724392,0.08869701,0.0463299,0.13049392,0.094294004,0.008893475,0.16677576,0.0031889882,0.096694745,0.08842772,0.0,0.1285935,6.6669956e-05,0.035623383,0.0358177,0.044103462,0.034039937,0.1157927,0.42124084,0.06089717,0.21888316,0.035696674,0.0,0.11345227,0.42533368,0.48838246,0.3464704,0.24396344,0.109175704,0.014219516,0.0,0.08389041,0.071185626,0.38485447,0.20176943,0.049426746,0.08815731,0.03824155,0.03587295,0.009480933,0.02782194,0.11366095,0.0,0.052418396,0.0026126076,0.20760165,0.15027778,0.013411096,0.0017625587,0.0014644731,0.008019561,0.14112732,0.08017472,0.25986147,0.03473332,0.017633244,0.60684246,0.08817146,0.05740108,0.03220251,0.07293969,0.120423436,0.0035640276,0.19573642,0.036175985,0.28828758,0.11383318,0.07163469,0.2393463,0.05429082,0.003731727,0.03862947,0.06112594,0.0038950562,0.3230501,0.21912307,0.0054823356,0.06965449,0.08228998,0.08880987,0.38757253,0.35857418,0.21419889,0.1386099,0.26093683,0.08567509,0.026804617,0.3290722,0.08373112,0.058019143,0.15438023,0.5586434,0.10769901,0.68537164,0.045311943,0.1859576,0.006778913,0.112328455,0.7696338,0.28560024,0.07416526,0.0051036663,0.4218132,0.27126607,0.15094836,0.02679107,0.054161344,0.16823538,0.0862488,0.10112805,0.71390796,0.025321761,0.08277022,0.05369599,0.012208087,0.16011728,0.029899454,0.12183853,0.040154606,0.08439019,0.23016922,0.08796234,0.1312621,0.017056674,0.0431179,0.32936397,0.029884163,0.04997533,0.15043402,0.0021242134,0.24212596,0.18089333,0.07929353,0.15148193,0.0,0.1605246,0.18982932,0.031400487,0.36299062,0.03470919,0.05045074,0.0129765235,0.08738563,0.0645261,0.0,0.010034347,0.061982855,0.11659507,0.05679353,0.43669805,0.026868168,0.029807517,0.010014722,0.11730084,0.056285743,0.04204031,0.20119466,0.120632015,0.0868268,0.059001826,0.03807076,0.17507699,0.042689055,0.21617866,0.2580623,0.028082123,0.049432654,0.006760422,1.012375,0.0027180442,0.23046346,0.05198213,0.068712,0.14509836,0.011812446,0.0,0.0,0.009809539,0.0010755323,0.0074039395,0.051940694,0.3554888,0.058365382,0.18872368,0.09975129,0.06488653,0.020233298,0.075945914,0.023583539,0.082586184,0.26936507,0.041740794,0.02021062,0.022702321,0.06968205,0.051269624,0.09603271,0.13093296,0.06564549,0.046027273,0.16038859,0.78907996,0.049539838,0.112203345,0.03250035,0.035647586,0.10593042,0.10332638,0.047056425,0.0031620413,0.0061544045,0.17036903,0.08548976,0.1053224,0.10985372,0.056055352,0.0,0.14097466,0.6011388,0.26389334,0.2797439,0.102744125,0.036566474,0.3839448,0.043229245,0.29816204,0.16749835,0.0,0.074635714,0.0,0.05855445,0.04652283,0.10818937,0.0,0.072939135,0.17970893,0.14890002,0.020176847,0.14069825,0.121244855,0.05670055,0.7672149,0.0,0.1836776,0.37920344,0.027629947,0.0,0.087473094,0.032441415,0.07862953,0.0823207,0.09932963,0.08203818,0.14765978,0.021457365,0.20130673,0.0,0.16681238,0.22234058,0.0063089994,0.22549249,0.10350737,0.058396876,0.034740068,0.14766411,0.08504767,0.02833198,0.11584778,0.042314067,0.12799744,0.0,0.2556698,0.08785509,0.029317167,0.07896998,0.0799215,0.034877855,0.25403702,0.1065798,0.03554254,0.12041255,0.06662088,0.025394855,0.27833098,0.2106655,0.45559847,1.0697697,0.008661043,0.10618928,0.2084046,0.21223906,0.029773753,0.0798716,0.39893112,0.04334955,0.62112385,0.08808389,0.6876636,0.665969,0.17955874,0.13980535,0.11987626,0.07766857,0.13755706,0.07546604,0.22399954,0.044356044,0.106124744,0.0062133763,0.42581725,0.12018219,0.03969101,0.048257727,0.048659686,0.27696696,0.008162587,0.1292456,0.0,0.081567496,0.07414561,0.5354579,0.025157508,0.39968088,0.06475315,0.01694915,0.14455067,0.30920345,0.15319192,0.08848616,0.13019979,0.15665591,0.22042006,0.036633488,0.20919703,0.082234256,0.18045169,0.14595997,0.33543968,0.47396532,0.24606888,0.87326866,0.03802074,0.46236226,0.121769525,0.117484406,0.051421948,0.010847095,0.512158,0.14250334,0.029530907,0.17156269,0.037642635,0.083285235,0.15865648,0.18459758,0.093952045,0.32577989,0.033606455,0.034507312,0.7065185,0.14739302,0.086488605,0.14586571,0.07237627,0.087584846,0.00044458153,0.20313008,0.22920708,0.034333844,0.019626884,0.01952571,0.13479173,0.53156614,0.3195695,0.33452237,0.039675273,0.2694308,0.07148052,0.29906026,0.07755451,0.0,0.01762514,0.32964602,2.9106355e-05,0.0136551615,0.12054546,0.08510517,0.19678453,0.05946066,0.08703388,0.0,0.31274036,0.03948735,0.046383433,1.2105713,0.16139723,0.16183743,0.17255332,0.0002992584,0.20478892,0.06439269,0.0981823,0.0032690964,0.6276794,0.4867737,0.17490526,0.2204693,0.17301294,0.077328436,0.04188008,0.17511557,0.11149822,0.12551253,0.17502747,0.7930527,0.06559648,0.4637426,0.36788523,0.43610004,0.03557157,0.016336761,0.6836381,0.44109,0.0,0.066860884,0.26089647,0.28822646,0.010500041,0.059315734,0.0,0.029807774,0.26893252,0.014717757,0.0033399244,0.13890146,0.43483552,0.014223257,0.06541156,0.20133926,0.055135984,0.04599358,0.0021863678,0.04392369,0.14723843,0.16636994,0.33712593,0.05092108,0.46026215,0.0043672235,0.038630188,0.30544212,0.15601875,0.014093177,0.1448251,0.6874464,0.2581987,0.6731151,0.47725552,0.1030572,0.3950512,0.1069965,0.095480196,0.103798114,0.19302642,0.18484356,0.27126724,0.033115055,0.23288898,0.20258953,0.30285615,0.0,0.22304897,1.4646935,0.8212366,0.11464114,0.39395195,1.7136148,0.0070090964,0.17607911,0.22082146,0.26444224,0.267874,0.41357845,0.14112796,0.31018412,0.068428636,0.046594813,0.19584817,0.090369165,0.009732055,1.1971273,0.1125371,0.4906183,0.0,0.5425442,0.00019147251,0.9317778,0.15742528,0.46647394,0.9002268,0.041824404,0.5036109,0.043924194,1.0290041,0.33264858,0.47529092,0.28251573,0.43162647,0.019312134,0.75125355,0.15555128,0.08080482,0.10976763,0.023627916,0.32887742,0.4991318,0.19519769,0.20140637,0.04746151,0.16963875,0.146269,0.05825903,0.4218241,0.21506162,0.35027453,1.2822753,0.0059583015,0.18403405,0.11136391,0.005727994,0.31078088,0.24582317,0.27931562,0.583629,0.40226418,0.027881453,0.12115099,0.03397476,1.2258722,0.024883922,0.7015907,0.41457543,0.57762593,0.55887365,0.3558407,0.2782903,0.13509116,0.28987932,1.096546,0.005646899,0.0037183305,0.14637269,0.08418192,0.17689101,0.5134224,0.37863758,0.80745363,0.010600575,0.38636297,0.49635133,0.08273373,0.0,0.24350025,0.25123984,1.1121095,0.7081845,0.4306754,0.6373627,0.3222884,0.32592922,0.20053041,1.2929827,0.5474669,0.0858343,0.49294168,0.17738833,0.2708935,0.10579036,0.036005978,0.32067102,0.11435563,0.5565067
0.16802032,0.17326935,0.26565525,0.72394603,0.35641763,0.20019898,0.3498035,0.34890917,0.14107347,0.6006466,0.2713301,0.17645615,0.30228466,0.11747579,0.17897454,0.24263307,0.34798676,0.21592094,0.29273212,0.33974347,0.35087118,0.22678597,0.28886235,0.17913139,0.3709199,0.22319064,0.33840513,0.19299823,0.39342108,0.29783002,0.27608043,0.24493584,0.10541497,0.52516204,0.48585868,0.044129275,0.34439757,0.31008878,0.46151212,0.15479505,0.1703748,0.44204825,0.36595365,0.2708507,0.26794013,0.15333769,0.24730624,0.44644898,0.2909953,0.21019772,0.26227894,0.17741635,0.11591661,0.2942046,0.5308637,0.20903414,0.16562065,0.3539964,0.30632812,0.65649456,0.33365744,0.3406467,0.14476395,0.29995885,0.36789998,0.182909,0.2712194,0.1828443,0.28284606,0.44552583,0.28442565,1.1534745,0.27873638,0.29383698,0.48365122,0.27533305,0.46996558,0.46430278,0.20896621,0.30134222,0.65970534,0.42229027,0.2354932,0.5046016,0.3298796,0.19387308,0.24008198,0.5293493,0.40697992,0.44033614,0.74129826,0.19449863,0.6411679,0.17717226,0.23305476,0.27390718,0.15032098,0.10053934,0.4869274,0.12064674,0.21953359,0.41101253,0.1728857,0.39914393,0.45991182,0.28279194,0.21187797,0.1640945,0.47735325,0.49336344,0.2989771,0.21127626,0.44799274,0.30446342,0.35302123,0.1826724,0.23053578,0.61985195,0.5187745,0.15807393,0.41870514,0.3477072,0.4103695,0.36956525,0.24462612,0.15309434,0.09509618,0.15689664,0.26587844,0.46913248,0.31845975,0.6906212,0.2322065,0.24311505,0.7382959,0.23612845,0.116019726,0.28070638,0.5324908,0.33336118,0.2390241,0.6104704,0.26734245,0.3100155,0.53220946,0.42228404,0.22515348,0.18529217,0.18097202,0.56453454,0.18779753,0.26715064,0.14108329,0.20867336,0.2050876,0.7849364,0.19702487,0.40880975,0.39854518,0.4042456,0.17092597,0.16451626,0.20235413,0.14601219,0.52651834,0.12630324,0.27848545,0.1540969,0.23528807,0.19591273,0.25027895,0.23044212,0.31837478,0.22052419,0.18994655,0.21729927,0.31041205,0.19813743,0.35370183,0.17052206,0.11279322,0.23908292,0.13340646,0.118488796,0.5456905,0.5123501,0.25862658,0.44541728,0.15939024,0.12702012,0.26556063,0.21193524,0.18038644,0.2794388,0.6345434,0.16561107,0.23190923,0.3520705,0.19328068,0.24985352,0.16171062,0.30136818,0.1579398,0.42709935,0.4090052,0.11650457,0.79109704,0.20118737,0.2392801,0.33735886,0.27286392,0.24135381,0.12610759,0.2119134,0.42573887,0.16221634,0.3997154,0.17928357,0.52965415,0.22481176,0.3478971,0.46112725,0.15682098,0.538729,0.62625813,0.14549385,0.26818857,0.45929018,0.25418997,0.33766946,0.15603045,0.84695965,0.31593856,0.20242989,0.19329573,0.27818483,0.10644738,0.53226453,0.21580231,0.2430411,0.6516081,0.83911955,0.20062956,0.2125571,0.44010878,0.24063931,0.18897618,0.3402175,0.23265146,0.42496958,0.24659336,0.19441904,0.113831595,0.18812363,0.22654432,0.23450533,0.23345324,0.08893728,0.26595932,0.17573236,0.21240191,0.5427029,0.36499,0.18545805,0.123800226,0.16563956,0.45103177,0.68021715,0.17390065,0.34687626,0.18211943,0.165156,0.5072479,0.23023862,0.2482473,0.35365528,0.39112714,0.7903532,0.19320153,0.20247802,0.20226383,0.4517984,0.4834281,0.37414426,0.092604265,0.22107933,0.32574657,0.15372838,0.32754487,0.75713193,0.24273318,0.09229456,0.1554362,0.44900763,0.17912409,0.12143507,0.33798227,0.316602,0.37264073,0.3453974,0.2036807,0.2619909,0.4820534,0.3192693,0.46716142,0.38930473,0.21398368,0.30797434,0.70195794,0.4534056,0.23275068,0.28714895,0.2923623,0.6736847,0.17443034,0.28347373,0.27843013,0.41490415,0.4227726,0.4139184,0.14553504,0.08633394,0.15286422,0.24395652,0.29050246,0.20032999,0.22288825,0.2129919,0.33704984,0.127489,0.6336759,0.23236682,0.21964751,0.1826397,0.2982277,0.25326434,0.10859251,0.19803293,0.1387553,0.23840219,0.6373652,0.4852122,0.18585402,0.15443838,0.3811473,0.32845786,0.1997568,0.19781467,0.39877272,0.5656313,0.19265658,0.40456453,0.97653055,0.74024093,0.17441617,0.1569244,0.23445092,0.2487176,0.18024705,0.25137874,0.43125182,0.17821634,0.4939367,0.47080868,0.15848339,0.46552175,0.19703133,0.3476887,0.6156691,0.43328556,0.829994,0.58725303,0.355706,0.5466951,0.5070003,0.3940826,0.26514798,0.2779783,0.21077043,0.3330063,0.53207546,0.23605658,0.14819859,0.22406279,0.3465717,0.10922698,0.00019630241,0.04777374,0.19407669,0.04364563,0.052522346,0.0508709,0.1256551,0.11357399,0.026956493,0.2477707,0.06917792,0.5965237,0.043516163,0.19220027,0.028992413,0.037360713,0.19762719,0.114246145,0.4558697,0.083191134,0.026062265,0.090847835,0.041190382,0.04699686,0.0015002455,0.62416303,0.07891233,0.5544353,0.8306425,0.006920306,0.605167,0.043271642,0.09939069,0.024342857,0.030972917,0.026772587,0.02903153,0.1301041,0.044693947,0.41370973,0.045259632,0.30496448,0.063980564,0.6429611,0.1562032,0.052000962,0.17807303,0.4202618,0.8652707,0.90237546,0.3155591,0.0520994,0.62882936,0.6698711,0.06458645,0.19367263,0.14972106,0.08535777,0.042959187,0.14621381,0.21668449,0.006184477,0.052260797,0.00068154186,0.55109054,0.08154028,0.102409035,0.24182324,0.008811682,0.058116663,0.09652999,0.07468662,0.2576918,0.06513766,0.29743624,0.055691987,0.14433403,0.036836844,0.0025976317,0.19794466,0.20016494,0.35692695,0.40652394,0.57175857,0.10309737,0.00748661,0.02356405,0.1168521,0.19588844,0.49687654,0.012121519,0.053932026,0.08105056,0.019013828,0.6662254,0.011574884,0.09017341,0.37361243,0.009763479,0.047397166,0.28248852,1.2002555,0.23835418,0.1290873,0.0,0.0073703118,0.007599514,0.2557886,0.22129726,0.5025963,0.016215865,0.036535308,0.29306918,0.17985381,0.053340483,0.03504491,0.39962938,0.10792687,0.0146898,0.2252001,0.07134539,0.7389746,0.085464865,0.06567648,0.19989699,0.062439676,0.0,0.032433838,0.061136756,0.2055579,0.2522987,0.08512167,0.016127655,0.028437877,0.2507418,0.08339853,0.04780175,0.25167096,0.12803374,0.13881496,0.033324033,0.08297835,0.053341467,0.39342055,0.13432425,0.2813446,0.7493934,0.5053246,0.2906879,1.0062631,0.07894245,0.7920446,0.07357091,0.07790983,1.4048176,0.74229306,0.064766794,0.18229836,0.37073445,0.46249068,0.19228001,0.2733186,0.05288325,0.048630044,0.08361865,0.22976838,0.75805235,0.032145616,0.272091,0.049758215,0.0,0.039072905,0.010663254,0.03380327,0.08556837,0.12836361,0.8280731,0.096930444,0.09897823,0.004609037,0.19311649,0.090087615,0.03978794,0.04190947,0.95040125,0.011089409,0.1267512,0.15904257,0.06755653,0.12679301,0.0,0.1521964,0.2523938,0.34894142,0.15055275,0.031503804,0.5524417,0.12889521,0.09337536,0.022179058,0.005973868,0.0048272223,0.22128117,0.13235119,0.37821823,0.45149118,0.077633485,0.026885578,0.009374737,0.0989981,0.30140918,0.49271402,0.34925574,0.13500811,0.099266715,0.2602381,0.04186037,0.28106737,0.039757427,0.29968426,0.9031418,0.016386623,0.008418711,0.0035691413,1.6831436,0.0,0.17798704,0.052518386,0.043598175,0.3301744,0.024166744,0.06781879,0.010080514,0.2709506,0.006365861,0.011469778,0.06341646,0.46512362,0.055479866,0.06145256,0.05675306,0.54634356,0.06369287,0.14732577,0.02442572,0.027675001,0.66300666,0.044575013,0.086540155,0.22130102,0.06386399,0.019468714,0.15230505,0.43363684,0.10656756,0.044273563,0.18643072,0.5383713,0.051954474,0.09382206,0.08365171,0.085506715,0.09109245,0.10720565,0.093091525,0.04867449,0.0050265943,0.051792033,0.108096,0.08503741,0.24722911,0.0648939,0.14585513,0.33326977,0.7340119,0.06268693,0.5438673,0.09998559,0.04698243,0.14941888,0.06091725,0.32979405,0.20853911,0.06182872,0.08006964,0.0043332353,0.09650416,0.037426397,0.27042773,0.00051449623,0.5421846,0.16038717,0.15538225,0.01734141,0.25677752,0.04638664,0.45450553,0.58596945,0.024631558,0.12966399,0.31681934,0.07851997,0.0,0.04623098,0.05007501,0.06910157,0.043325253,0.5698164,0.10149937,0.08641081,0.3799275,0.29876405,0.0,0.12605657,0.5528166,0.28956625,0.97773,0.09425398,0.0650717,0.06087798,0.067693286,0.12169682,0.029956248,0.09063982,0.040341336,0.0,0.0,0.013076122,0.07493896,0.11206369,0.05707761,0.09314352,0.05027954,0.10632188,0.37335998,0.090431064,0.07886509,0.028490044,0.1883174,0.16120057,0.44469863,0.18359736,1.1077689,0.0005611733,0.22170551,0.7765802,0.18028742,0.3131353,0.100401014,0.42861688,0.013229088,1.016206,0.19282588,0.6466408,0.7003665,0.11675529,0.13390262,0.18487833,0.008648973,0.12740643,0.08345056,0.1390634,0.038069382,0.30773026,0.00031467708,0.21888006,0.11403651,0.20702745,0.06363046,0.6858554,0.7669302,0.15203147,0.065020286,0.004961911,0.1877496,0.29679722,0.16733488,0.3674651,0.10404215,0.051254958,0.27282777,0.31898704,0.5315186,0.31338012,0.58903813,0.1384707,0.1141784,0.45377994,0.061181583,0.4567041,0.12691784,0.38535795,0.31428534,0.13021258,0.2000087,0.29734933,0.39670727,0.16477752,0.29905906,0.4613549,0.06810301,0.082752325,0.7186778,0.53909826,0.14399798,0.07668573,0.45318002,0.046723053,0.09684156,0.04139656,0.61743325,0.12300094,0.6260409,0.00397147,0.2562316,0.6089304,0.14965323,0.14717945,0.15265352,0.0,0.10051429,0.0028805016,0.14660612,0.22171351,0.0910106,0.002839608,0.06971236,0.8454892,0.35979852,0.51607174,0.22228596,0.059893247,0.43299332,0.24472915,0.17171484,0.14024287,0.0054493216,0.06481617,0.42731065,0.0023216996,0.20100601,0.2905879,0.2083517,0.13421029,0.009827664,0.06510355,0.041901346,0.91525346,0.48819363,0.014161282,0.67132294,0.6177812,0.1699642,0.20557484,0.22736385,0.50861037,0.05804546,0.12042227,0.0,0.263283,0.6743114,0.5332134,0.41370493,0.15719876,0.11269103,0.062236086,0.17649257,0.30110675,0.028617486,0.3569621,0.8945565,0.47406325,0.22060284,0.20764174,0.61299855,0.121740475,0.080632105,0.5530289,0.8301427,0.0075069033,0.06019136,0.053118438,0.3810432,0.032992728,0.039327763,0.0006239395,0.022924472,0.17483412,0.01514847,0.004806757,0.12007742,0.17652145,0.025531761,0.10743463,0.35505894,0.25490087,0.05727921,0.04927391,0.065391816,0.15940376,0.20108382,0.105155654,0.1156378,0.2518414,0.31775868,0.009918534,0.6985196,0.37823775,0.014153506,0.024025723,0.58957577,0.38438475,0.4435967,0.1760168,0.13077566,0.29807213,0.0102734035,0.16882882,0.007062963,0.094159946,0.100448206,0.15789096,0.0030271285,0.28192544,0.05610304,0.17135075,0.006552758,0.34152752,1.0656079,0.31839097,0.17027646,0.5314104,1.3635947,0.039814655,0.31822672,0.10073873,0.02772785,0.49669725,0.13917725,0.32059434,0.20092924,0.091556616,0.1018498,0.23705183,0.052740652,0.029968446,0.98038614,0.08144536,0.7340586,0.01205321,0.3920981,0.07775867,0.5595972,0.13261478,0.6239041,0.5028464,0.07355248,0.05000304,0.122587465,0.65761524,0.28679818,0.3621133,0.22699828,0.31395957,0.043846052,0.7051123,0.25205445,0.02382394,0.11502091,0.022356758,0.42773795,0.46517903,0.041082684,0.16621883,0.117488086,0.1764438,0.3294083,0.040237892,0.60569143,0.22463222,0.26765248,0.44341016,0.0,0.07021254,0.095191605,0.06132493,0.13719095,0.09030024,0.39269564,0.8457853,0.01836143,0.1227596,0.12085282,0.094801076,0.90734184,0.15503229,0.5210112,0.28402826,0.5530315,0.61375445,0.23790914,0.17548905,0.41839206,0.21253908,0.64667195,0.078227386,0.010750247,0.12084049,0.015067227,0.2209259,0.2886705,0.1602638,0.62877274,0.14230603,0.506886,0.6565849,0.19641224,0.14145233,0.64861095,0.08498949,0.7465952,0.46823728,0.1576334,0.38255993,0.20873846,0.35223007,0.26525104,0.9479329,0.52357215,0.13697211,0.31730866,0.1365875,0.24691117,0.06250623,0.044666328,0.15324794,0.33858454,0.084649555
0.19184473,0.21411338,0.30701065,0.46476957,0.428995,0.2205826,0.26589644,0.35689127,0.16095011,0.41228366,0.18578565,0.18319537,0.2910754,0.11839855,0.21631923,0.25023195,0.47099313,0.20120661,0.3616572,0.29652157,0.4339036,0.36579654,0.39066577,0.14008948,0.357459,0.19399254,0.18519764,0.17406459,0.40700018,0.3940877,0.35380417,0.20989735,0.12494712,0.38838485,0.37377268,0.023594476,0.35749197,0.41342357,0.3261407,0.13913408,0.16818894,0.45171568,0.4667352,0.23490416,0.3546069,0.22747892,0.28633332,0.3050655,0.3289277,0.28333166,0.2098205,0.21638356,0.12053055,0.2847054,0.5996273,0.20607333,0.18670367,0.4055576,0.4412217,0.8550863,0.37325987,0.35626414,0.150196,0.2785199,0.40848908,0.20750321,0.22129121,0.17759368,0.31430852,0.5429336,0.34658775,1.0107378,0.26417705,0.25681517,0.5384822,0.33431128,0.36047632,0.5582034,0.34805465,0.37544534,0.5802898,0.58655953,0.24341723,0.54548484,0.47168162,0.21040352,0.25701576,0.47382167,0.40444294,0.40634918,0.55056465,0.23348816,0.6280325,0.22375445,0.27862307,0.2900893,0.23110385,0.11468717,0.45989725,0.13038008,0.27117872,0.47123867,0.20296994,0.32004377,0.38406384,0.3089352,0.28074917,0.16829783,0.3191559,0.4474169,0.29904172,0.28787267,0.52831185,0.41554886,0.36580136,0.25210774,0.26184708,0.6130572,0.48224038,0.16855577,0.46569332,0.38242573,0.5227046,0.4750626,0.31480545,0.19794285,0.09036808,0.17310539,0.29217303,0.45093063,0.26890615,0.46766004,0.2898451,0.19998842,0.5850554,0.18745789,0.10918361,0.36537287,0.42541158,0.3251755,0.21746592,0.82359594,0.411149,0.37326613,0.57447195,0.37892103,0.29318935,0.22236118,0.16449787,0.71584266,0.22785509,0.31329802,0.15893115,0.23473977,0.28175554,0.97359717,0.2911572,0.50609887,0.53153664,0.40787286,0.17058983,0.16322592,0.20609379,0.168751,0.48587102,0.13565508,0.21089841,0.16395608,0.23516375,0.20284902,0.18674195,0.29667914,0.48075616,0.18070945,0.1763731,0.23717798,0.32578787,0.15007189,0.42781,0.13342898,0.13102213,0.23616304,0.14242171,0.07551689,0.5285229,0.45540032,0.24162611,0.5086108,0.27665982,0.11186548,0.29354653,0.20136487,0.21104743,0.35418153,0.47166148,0.15954238,0.23173931,0.37017846,0.19054975,0.46020573,0.22138238,0.35185635,0.22273578,0.33456945,0.44848254,0.107555896,0.7844525,0.22313052,0.2578292,0.5525098,0.241558,0.36076987,0.13901195,0.23882864,0.2837596,0.15035672,0.39699796,0.17503987,0.5287066,0.26367736,0.3826022,0.42468092,0.14031273,0.5755691,0.5278496,0.13274483,0.30618855,0.529623,0.20765637,0.2512891,0.1735822,0.6312853,0.35998678,0.20494409,0.21403375,0.31324926,0.12606594,0.3332535,0.24657737,0.22016218,0.8935692,0.50760096,0.16940543,0.2821705,0.3800266,0.22631945,0.20196901,0.49198064,0.27132395,0.4253738,0.18432477,0.29022887,0.1300152,0.21713051,0.2246015,0.2197902,0.33279076,0.09424875,0.30074817,0.20168267,0.3886518,0.5491266,0.22692911,0.19414704,0.23585701,0.19016024,0.5214163,0.5780913,0.1851939,0.3530936,0.23175791,0.19548494,0.60980105,0.22651452,0.17295551,0.41059455,0.53168035,0.57498074,0.21242931,0.30200607,0.21563664,0.42416888,0.46222937,0.34936234,0.14346369,0.21738309,0.32125497,0.18236148,0.33224306,0.5527884,0.21863174,0.17583579,0.16092569,0.4503661,0.17423362,0.1206449,0.2823213,0.29564247,0.3141852,0.31842497,0.16948073,0.3051635,0.57870984,0.26704437,0.5101541,0.40654054,0.23823503,0.3973834,0.5620905,0.48279777,0.3423198,0.26413903,0.4030201,1.0214899,0.2238678,0.25366133,0.34272787,0.27964672,0.4854933,0.3642014,0.15077513,0.09524962,0.234043,0.17336577,0.35360625,0.28693476,0.3062211,0.22711489,0.2955833,0.12143371,0.46380246,0.20861867,0.23045832,0.23883425,0.26989773,0.20215136,0.11829088,0.26334593,0.15562427,0.35060704,0.5780575,0.5534285,0.1831814,0.16322078,0.3472638,0.33203134,0.2024089,0.24333304,0.36811003,0.5313144,0.14904404,0.47894034,0.8204627,0.7686035,0.17504242,0.22434923,0.20030878,0.21931763,0.19491912,0.36473006,0.4893993,0.1859775,0.7003585,0.55021703,0.24996772,0.51212895,0.20623553,0.24410094,0.43488798,0.45044738,0.6910814,0.6264302,0.37233463,0.62978953,0.4379009,0.4787205,0.19833554,0.22881691,0.23712052,0.5604745,0.4982531,0.32404742,0.15532623,0.41963363,0.27424684,0.06221045,0.04577425,0.29767403,0.30238852,0.0357676,0.35720265,0.1781958,0.21489173,0.15160528,0.121625364,0.21093805,0.050983366,0.29435313,0.03607988,0.1672589,0.081033885,0.11547139,0.5161463,0.12641196,0.8613381,0.15389493,0.012973417,0.38136268,0.11728769,0.048720945,0.0,1.0102125,0.051276106,0.24310017,0.715509,0.0132712,0.60653704,0.050876748,0.5666641,0.47022617,0.5487636,0.04744031,0.031531,0.3600264,0.030101895,0.5250991,0.08658533,0.20481585,0.23039587,0.58167344,0.52909464,0.1052892,0.13325696,0.46674395,1.7395544,0.5468715,0.173795,0.061943896,0.6891186,0.35214147,0.14483072,0.05481747,0.10222763,0.10259801,0.046597034,0.13443783,0.33335397,0.020519493,0.7770637,0.0013112937,0.32918206,0.09463784,0.01723892,0.68543863,0.0,0.03648504,0.15011881,0.0068523134,0.17511563,0.059341222,0.24471506,0.15151776,0.34763417,0.15955007,0.13710925,0.13291818,0.13530539,0.1746607,0.4861663,0.8267778,0.20296137,0.014823464,0.013395952,0.115178294,0.16568844,0.8744596,0.10225806,0.04790001,0.09156542,0.019065097,0.08136762,0.09949163,0.21841094,0.2760949,0.00949155,0.212607,0.015068094,1.3661916,0.15766649,0.026875546,0.0,0.016831756,0.04228007,0.37447837,0.073494375,0.6970078,0.017306969,0.023752347,0.3743698,0.2541789,0.05378295,0.035534877,0.27620167,0.12524968,0.0017266024,0.09333772,0.14653337,0.94424003,0.10432146,0.06321545,0.50294036,0.059649978,0.011346677,0.04453246,0.08845002,0.617305,0.16518673,0.08382712,0.05247018,0.06349259,0.073063195,0.090722844,0.4166348,0.36351907,0.1081701,0.23490208,0.18305868,0.12609392,0.2544488,0.14117722,0.099415876,0.37412122,1.3076814,0.5609017,0.0134683335,1.4889822,0.07358744,0.93819094,0.013754177,0.050499327,1.3668554,0.37884992,0.05498456,0.2106556,0.68355584,0.5237077,0.22346777,0.5727903,0.05965362,0.28197104,0.0816451,0.61965525,0.53207755,0.00915079,0.06794616,0.055855677,0.0,0.055575684,0.07309816,0.2528999,0.032341335,0.19643581,0.9981448,0.20880263,0.12258021,0.023992935,0.12768675,0.25760764,0.3295451,0.037627183,1.3561406,0.17732798,0.12464923,0.15593174,0.07877926,0.079524785,0.0009937203,0.16491611,0.22754814,0.33966336,0.095759675,0.03663403,0.37944221,0.20511603,0.08401349,0.0013504891,0.009692991,0.010092444,0.029943854,0.10033078,0.70508194,0.34695953,0.027032357,0.087624826,0.020001022,0.10601359,0.30232027,0.5092306,0.06010027,0.19082324,0.07430238,0.094881415,0.12606235,0.45425478,0.037206914,0.2430046,1.3823241,0.15320061,0.0046481583,0.055990614,1.1924852,0.00086141186,0.10355866,0.051508076,0.06917735,0.3168195,0.00086774747,0.20462832,0.0025117456,0.3547888,0.056795012,0.039691113,0.05410048,0.91831964,0.058914553,0.31368992,0.04791089,0.8737102,0.035062175,0.08942229,0.033583924,0.062684275,0.34675813,0.047324583,0.13064432,0.118747056,0.060110908,0.011427584,0.114644885,0.13844109,0.2051265,0.056442082,0.004032812,0.7917991,0.05685144,0.11842623,0.03985515,0.09388362,0.09561278,0.08980901,0.37019324,0.10319013,0.037486874,0.20061548,0.107654855,0.15092427,0.22747631,0.048508387,0.3667071,0.534408,0.9933937,0.051560193,0.49697924,0.19347742,0.093661934,0.37081054,0.1087005,0.36160836,0.38260067,0.0040980563,0.1398238,0.019286592,0.08418254,0.08857583,0.5860489,0.06701331,0.19725093,0.18403389,0.26742616,0.014338161,0.11455837,0.021753173,0.094075814,0.547559,0.05997868,0.50368077,0.30647624,0.024489975,0.0057947417,0.025942797,0.02069641,0.08341697,0.09965764,0.19067925,0.055708714,0.30991292,0.34257278,0.47808826,8.1944134e-05,0.18845455,0.35818925,0.017792374,0.5592165,0.122305416,0.13357352,0.07573592,0.023524698,0.14937623,0.033652294,0.20077941,0.16476008,0.04058214,0.0,0.34528008,0.08099918,0.0038957195,0.06666332,0.02682678,0.017309915,0.1614478,0.21197997,0.04777843,0.086312324,0.00102509,0.021954006,0.152525,1.1037543,0.19305003,0.80523473,0.090031125,0.24890949,0.62937653,0.33878687,0.14698377,0.07531212,0.88598794,0.019332975,0.8472244,0.49125314,0.82547504,0.8774832,0.09638459,0.11048193,0.29124385,0.028601456,0.18545884,0.060502917,0.21840657,0.041397717,0.051928993,0.01657746,0.21635228,0.11415348,0.628363,0.090869494,0.64340603,0.90603966,0.10916625,0.061963525,0.0,0.81896585,0.24706781,0.36071,0.11937633,0.04264242,0.0132053625,0.3503611,0.39180905,0.7030523,0.3102343,0.33697674,0.12241956,0.11162017,0.46231756,0.06699705,0.3759261,0.08095373,0.40731326,0.17468981,0.20796248,0.5571335,0.36384073,1.081209,0.13935933,0.8146675,0.70144427,0.23602988,0.045380276,0.6079057,0.5613105,0.1397862,0.01639793,0.4686871,0.38355616,0.079366155,0.026045278,0.41935512,0.1430147,0.4731092,0.05306331,0.4285086,1.3462965,0.14663577,0.16165796,0.28364018,0.0,0.090437725,0.31510538,0.13460514,1.2307445,0.051100112,0.13749573,0.06527191,0.13858324,0.795283,1.0641527,0.69904387,0.08982711,0.3197631,0.7079868,0.20525868,0.09443588,0.017232556,0.021932425,0.3414333,0.033470023,0.20729066,0.8059614,0.06052046,0.58566034,0.19064358,0.12594818,0.07340742,0.57432204,0.07915673,0.028477766,1.4487779,0.117824815,0.16832025,0.16852963,0.001087577,0.44793698,0.053431302,0.11814091,0.083257616,0.9458333,1.5234009,0.26800573,0.28047356,0.5543446,0.07556663,0.038913228,0.16469379,0.1653507,0.047871593,0.7250859,1.1608253,0.23441893,0.44514456,0.35429776,0.6498684,0.048050497,0.12577602,0.9547344,0.42700636,0.0117954705,0.04263217,0.18177655,0.2889607,0.072345614,0.03836629,0.0012194222,0.23782769,0.23691072,0.017010992,0.0044571958,0.11527691,0.7000758,0.02133169,0.13352211,0.15827477,0.22063537,0.052941814,0.0069251326,0.19611469,0.14050281,0.09383981,0.2571953,0.04458628,0.63378936,0.2716188,0.12622154,0.631275,0.79717284,0.005221986,0.034665775,0.5265492,0.059578102,0.5283031,0.33134764,0.2674723,0.0035668036,0.13424611,0.23097952,0.093009986,0.1536522,0.11904313,0.24429762,0.13925056,0.2821688,0.1544965,0.22770527,0.0,0.26976147,1.2485137,0.5654552,0.07055871,0.462856,1.3232843,0.11000858,0.40359208,0.39493865,0.0154497195,0.44149503,0.69736665,0.28356907,0.3913044,0.04081861,0.09452132,0.25736263,0.15126894,0.15978046,1.0160984,0.13064246,0.79645616,0.024499368,0.32566792,0.008567385,0.5237308,0.2853518,0.5021773,0.39141303,0.12615567,0.09389858,0.052203342,0.65461725,0.5148366,0.323346,0.44412062,0.5373728,0.0034393508,0.5590371,0.24472749,0.33301517,0.16765735,0.003695314,0.35110095,0.40954486,0.32627636,0.3927809,0.0061266567,0.16593088,0.2744948,0.122033976,0.49716094,0.29768616,0.57868457,0.7571737,0.010780621,0.0323319,0.15875685,0.23374526,0.61681324,0.017526187,0.29923695,0.43337062,0.19914712,0.29651588,0.2754798,0.09593029,0.5353503,0.60496587,0.5405094,0.37158838,0.52176625,1.0073518,0.3240025,0.36253586,0.3125287,0.41638833,0.8735194,0.1728934,0.05266562,0.183951,0.006976456,0.08638493,0.203004,0.45153263,0.8007706,0.040927902,0.53524876,1.0786808,0.14340277,0.29522833,0.39979112,0.12409153,0.65710074,1.1330045,0.29620928,0.116935134,0.40593988,0.53059083,0.39615086,0.91795474,0.38183826,0.011349661,0.7136483,0.5474001,0.3533302,0.117368326,0.052409217,0.4730434,0.13662016,0.3704569
0.26316497,0.14856727,0.28126886,0.5153943,0.37216935,0.26101673,0.3907992,0.22542821,0.15025713,0.48583412,0.1940777,0.23390295,0.2420234,0.13868278,0.19992906,0.24656971,0.5082009,0.23848802,0.18339455,0.15184176,0.34973934,0.2767026,0.31123906,0.12706345,0.2590065,0.16169892,0.4021627,0.16634303,0.25200874,0.18994282,0.37262356,0.26491296,0.081004374,0.27045348,0.4804663,0.115889706,0.3700792,0.274877,0.2385851,0.13753186,0.18165842,0.30833334,0.41462466,0.22167085,0.1761271,0.1638996,0.34118605,0.56479454,0.2146872,0.18894842,0.26466098,0.1547385,0.13385536,0.2412116,0.33238477,0.08689225,0.17565702,0.23798019,0.5243383,0.4094179,0.27056006,0.34696567,0.1347856,0.21859354,0.2801698,0.18469366,0.23970498,0.2104726,0.36638665,0.33667105,0.22197299,0.6250145,0.17038867,0.35624158,0.35196584,0.32940105,0.41138524,0.40863824,0.19927298,0.34209287,0.5002664,0.53580606,0.2764466,0.33025375,0.21636054,0.18499768,0.25483313,0.5672638,0.3587763,0.25149345,0.58364904,0.1966472,0.6524495,0.2980415,0.39336193,0.26115415,0.12888478,0.17821392,0.25782675,0.13353622,0.21348743,0.42554903,0.20201497,0.2438212,0.34400484,0.3130969,0.2775599,0.15303235,0.36451098,0.6133555,0.30476958,0.27722973,0.34265488,0.28340256,0.25921017,0.20947978,0.17132819,0.48492074,0.49258626,0.0986654,0.33946025,0.13699415,0.57245696,0.36532554,0.26354793,0.13687588,0.36143664,0.1460936,0.2327682,0.42368415,0.1998031,0.31041333,0.25611928,0.37726644,0.59081334,0.18405531,0.11995806,0.24116267,0.41649514,0.21899831,0.34196317,0.75135744,0.34527817,0.3823964,0.6770692,0.38243005,0.30277875,0.21138664,0.30080628,0.60857713,0.31824687,0.22997199,0.12080033,0.17494929,0.21509978,0.6223506,0.25336942,0.2613421,0.36467627,0.49427783,0.19149196,0.15563418,0.10337069,0.15177418,0.26737508,0.13982287,0.16492997,0.15577994,0.19665402,0.20542182,0.20719883,0.22507542,0.44791937,0.2323916,0.16544369,0.17497176,0.40051776,0.10677688,0.40019274,0.1864895,0.1480035,0.17945325,0.13678324,0.18164273,0.33339357,0.29271293,0.1983651,0.52410036,0.26267135,0.119840905,0.29280883,0.16094209,0.19844075,0.28210485,0.38704184,0.19492462,0.31473565,0.4715742,0.19469617,0.4001996,0.1550184,0.19581287,0.14882605,0.23892245,0.24290487,0.114838146,0.9109943,0.38609666,0.24232313,0.37979814,0.2024885,0.24581206,0.17925926,0.13501649,0.3434706,0.09151513,0.31657872,0.24346441,0.3912562,0.2750111,0.3216164,0.37379783,0.10834294,0.47001395,0.35796258,0.17132136,0.2877179,0.4602072,0.18215846,0.51382947,0.16888529,0.42964286,0.421664,0.24893422,0.15204892,0.16311409,0.17327832,0.36932665,0.25356194,0.37118173,0.6818947,0.72685933,0.26710552,0.2608947,0.3399743,0.24157427,0.18886037,0.34855664,0.22417916,0.23026182,0.14908619,0.21991645,0.111899525,0.17566918,0.17088656,0.22343716,0.32348612,0.12722749,0.28539166,0.21587479,0.30540565,0.41331163,0.30060577,0.21343765,0.11842034,0.21937397,0.576462,0.60690284,0.30814722,0.34732336,0.2733431,0.15225117,0.29642525,0.33753207,0.2265581,0.1810969,0.40897876,0.8005437,0.24185987,0.26823714,0.22809847,0.536796,0.47162548,0.26599112,0.1183179,0.21224965,0.43025282,0.17434113,0.45039377,0.5365191,0.17003807,0.13536012,0.24455024,0.31670928,0.16276622,0.11119975,0.33333158,0.24485569,0.53931683,0.25740317,0.14451665,0.36136284,0.4072928,0.37399215,0.38616028,0.44256482,0.22467417,0.39987645,0.6425806,0.39405406,0.18466441,0.22301802,0.21180077,0.55097663,0.2185817,0.19309814,0.2643672,0.32824147,0.42243135,0.19966346,0.12730727,0.09990153,0.122523375,0.17502905,0.23380762,0.21853633,0.2858382,0.21098915,0.27538392,0.1405998,0.56441134,0.25341576,0.21619834,0.18375339,0.26010883,0.52449423,0.1971141,0.3413205,0.23206055,0.30579796,0.4993675,0.4305168,0.16752453,0.15838277,0.3216176,0.43698525,0.17065671,0.2157812,0.3396554,0.4374437,0.162448,0.36917955,0.74653476,0.49001795,0.18571252,0.15203446,0.35283467,0.25286594,0.29952484,0.2040996,0.43007123,0.26155478,0.46211576,0.3048445,0.23029211,0.3573755,0.24885616,0.27721637,0.23032002,0.61083215,0.56858534,0.88372415,0.36860418,0.6648756,0.179514,0.19668864,0.27741805,0.22397268,0.16747582,0.35248175,0.47674322,0.19293994,0.14674363,0.28845623,0.017312178,0.0047889836,0.0075551067,0.09293811,0.18122381,0.09637913,0.08675126,0.37258023,0.41850322,0.067229934,0.05710607,0.031336606,0.3027812,0.20155722,0.0350121,0.54506814,0.030474879,0.21765316,0.07760898,0.1735136,0.34326437,0.07606266,0.19496414,0.07063192,0.016003003,0.02254572,0.08374001,0.5022543,0.025111008,0.15404545,0.57385665,0.00026151328,0.01488955,0.048659645,0.061237443,0.063047975,0.27637798,0.044261243,0.014208374,0.28118637,0.01574403,0.07614304,0.108116314,0.48527652,0.102251776,0.51321924,0.1335766,0.026880527,0.08156195,0.38735056,0.24108507,0.16750579,0.054436333,0.041513566,0.19439162,0.3218952,0.06844636,0.38417345,0.30295694,0.057991415,0.17868844,0.16594501,0.7429652,0.0012941543,0.2604223,0.1837356,0.1823026,0.09602825,0.019188304,0.24492797,0.11137,0.0020900425,0.06450355,0.06875283,0.17206503,0.026934283,0.1697944,0.06254804,0.22395791,0.09159457,0.01070219,0.24829514,0.3527941,0.20158899,0.3528868,0.6468491,0.1766564,9.531239e-05,0.0,0.13837445,0.113563344,0.5959246,0.052485637,0.04444989,0.13547546,0.025865842,0.029054085,0.057288524,0.055081,0.0723892,0.0,0.29825097,0.018598216,0.07489845,0.24723734,0.019575393,0.00019840046,0.022836447,0.058273,0.095223,0.09765625,0.97894686,0.38807026,0.0126123335,0.033505928,0.07365477,0.029996457,0.03934921,0.000246725,0.3274974,0.0,0.33338398,0.3061043,0.17952752,0.23888327,0.053547032,0.1422102,0.044541936,0.007157492,0.16927423,0.23240604,0.071265735,0.17554213,0.11674712,0.0,0.050807137,0.19730864,0.07978195,0.784757,0.3040406,0.08750718,0.18905526,0.02512018,0.07637667,0.065594316,0.7629481,0.23844752,0.3784153,0.23241204,0.41213584,0.13731651,0.41449282,0.06450726,0.22392002,0.06670529,0.021198304,0.16737011,0.46341923,0.050848942,0.08703648,1.1188252,0.00049078744,0.14282954,0.026269468,0.115075104,0.21685675,0.1924488,0.00023809008,1.0824438,0.014690798,0.12580009,0.050748665,0.000280161,0.08505324,0.0029205042,0.23247692,0.10783828,0.12318671,0.5339107,0.4784087,0.31376204,0.040565748,0.07436585,0.11071933,0.11564456,0.025382241,0.17214875,0.0010009349,0.28072444,0.47287408,0.0911481,0.1583244,0.066100806,0.2853354,0.42160988,0.01316452,0.08540715,0.10273593,0.34695345,0.07091285,0.12803906,0.10106752,0.012965779,0.0067399666,0.06941311,0.02374509,0.14200835,0.040002048,0.2420536,0.027713595,0.15072621,0.60897565,0.0,0.15885743,0.13163431,0.14688636,0.07413445,0.048209995,0.042275142,0.19072458,0.057045713,0.6096609,0.2645239,0.0063747354,0.17196992,0.023135748,0.6265852,0.0,0.21058762,0.1130671,0.08442008,0.13554485,0.010559642,0.28294873,0.15157515,0.0824595,0.00070189906,0.0014289529,0.02398859,0.27676305,0.21278274,0.30721417,0.059827738,0.09776351,0.024407098,0.18755256,0.03561244,0.0002489356,0.26217642,0.021039916,0.047561992,0.29634964,0.14763272,0.17696437,0.075399674,0.2898056,0.06526682,0.054945964,0.0,0.35977477,0.0016238362,0.082231745,0.0018890942,0.02794616,0.07855367,0.065759405,0.09201969,0.025014265,0.018403616,0.106182076,0.069629155,0.11485129,0.22742668,0.037273314,0.023901502,0.36563712,0.5167866,0.57694936,0.3117577,0.14151661,0.016381906,0.56795025,0.047542464,0.06879133,0.2074082,0.0,0.41535732,0.04673646,0.037503164,0.010898476,0.0026786514,0.0,0.23956011,0.16632104,0.43033648,0.023401117,0.3610288,0.058103263,0.05826822,0.2478039,0.0,0.077826075,0.2484953,0.023103157,0.0,0.04070221,0.5639185,0.06943791,0.028776687,1.028322,0.023679592,0.030857608,0.14928041,0.0032359173,0.025625475,0.09686865,0.24485734,0.020891707,0.74164623,0.052293792,0.03657761,0.015967943,0.06493572,0.061477523,0.035491504,0.15777214,0.040754195,0.0,0.0,0.24149428,0.063155,0.0014775058,0.04523226,0.025686136,0.18220983,0.045471784,0.31526193,0.0002629587,0.07255946,0.0,0.15721758,0.12411308,0.3395658,0.10742756,0.27106273,0.0051385164,0.09344854,0.35611704,0.13330944,0.0,0.14754285,0.07023376,0.04336252,0.4827863,0.046267986,0.24708767,0.56518084,0.10873382,0.34563383,0.21230057,0.045960795,0.12471443,0.04783098,0.17923869,0.03882867,0.2840717,0.18105073,0.010773603,0.21563694,0.071434475,0.21133828,0.08369888,0.17099941,0.043253083,0.03496586,0.0049053384,0.17771046,0.15027174,0.5926956,0.23213144,0.022651933,0.26518112,0.036593057,0.36683294,0.8284132,0.16283299,0.22636253,0.18215993,0.14320579,0.6725112,0.05739002,0.09372396,0.06623304,0.40841442,0.17230543,0.12675898,0.13784343,0.3864604,0.47506115,0.0028994065,0.18635818,0.83004075,0.11134138,0.096290365,0.4379049,1.3678461,0.50704515,0.07710245,0.14880833,0.054248836,0.14213347,0.036839154,0.049020115,0.12336876,0.6884049,0.008655475,0.29174006,0.11447029,0.5370755,0.1320245,0.4064827,0.08658489,0.116000995,0.4649856,0.26473933,0.14260437,0.040911753,0.008303776,1.2305415,0.014121401,0.09637575,0.31595686,0.079452574,0.0366464,0.49668524,0.0026845583,0.5206309,0.062007476,0.0032729676,0.0012448987,0.101054296,0.004652582,0.035877414,0.3821527,0.7608006,0.32198894,0.6820765,0.0,0.00079278136,0.08532744,0.054079153,0.05634805,1.0074493,0.15882625,0.10736554,0.27881297,0.08881603,0.071958326,0.07429418,0.104849234,0.0115046725,0.14782079,0.52085173,0.36680108,1.2724806,0.047560956,0.07037965,0.07289888,0.16469696,0.13192971,0.034040615,0.10074978,1.4188416,0.050994962,0.19323577,0.19202094,1.4739528,0.06784378,0.03238223,0.6762317,0.18027063,0.0069245533,0.02699375,0.028359583,0.15552926,0.286202,0.013466604,0.4971907,0.41864115,0.430603,0.06957918,0.01359322,0.113594726,0.4494807,0.030870758,0.15856338,0.16944607,0.4602533,0.1848357,0.22274938,0.08101674,0.15497379,0.1880093,0.5747724,0.10122118,0.3026484,0.11141692,0.16791359,0.27688736,0.36451787,0.0013019528,0.03349921,0.43906787,0.098397955,0.68801606,0.08998547,0.061362885,0.09479339,0.14743577,0.23612098,0.06359423,0.1359611,0.2664609,0.48697412,0.2714792,0.13599795,0.15586478,0.036115725,0.0369093,0.30751783,0.5915935,0.22635072,0.22336815,0.48103777,1.3297197,0.5604696,0.6781445,0.1023203,0.042862028,0.19198696,0.47443768,0.25030556,0.1973735,0.120087296,0.00025588335,0.26643997,0.25219998,0.31751692,0.56546164,0.11564795,0.35299617,0.0074762874,0.24955344,0.07760329,0.29768157,0.07695115,0.49534807,0.48404747,0.15827385,0.30530792,0.07264519,0.522783,0.2027867,0.82592547,0.56317896,0.36752853,0.14076096,0.26514935,0.061585154,0.087720715,0.15947907,0.04284603,0.4104954,0.6977968,0.011894518,0.38896322,0.092586614,0.11573487,0.41371727,0.019085025,0.2738253,0.1440172,0.24012807,0.84855527,0.2667297,0.006086664,0.09347601,0.12405366,0.5900482,0.0105428975,0.32887635,0.2601215,0.38624072,0.09659424,0.08106522,0.43358743,0.55505955,0.15983385,0.4405683,0.033000313,0.83351773,0.24751928,0.8643069,0.41239384,0.70167685,0.15723298,0.1653878,0.10385965,0.0017639245,0.47255644,0.023804823,0.23674463,0.19920409,0.6574396,0.33412233,0.11352958,0.567638,1.5357279,0.1414807,0.055369772,0.40105933,0.32989192,0.8594413,0.3969948,0.7134225,0.47236633,0.089595616,0.8821571,1.1277903,0.18481128,0.4301596,0.4119838,0.16941032,0.36534905,0.3307657,0.13568826,0.07876588,0.38707596,0.13548137,0.4420184
0.18701783,0.20321524,0.19573522,0.3102355,0.4257322,0.2176272,0.3157778,0.22761664,0.15688737,0.4433024,0.22521192,0.18400198,0.207469,0.10214831,0.15904987,0.29606715,0.71714175,0.22427002,0.20518097,0.24122147,0.4569925,0.2617142,0.39925286,0.1637326,0.27594057,0.18544859,0.23043282,0.13850895,0.2891462,0.2332302,0.33900362,0.20664896,0.09837499,0.3071691,0.31762365,0.03278275,0.29493636,0.37187046,0.19455877,0.21625894,0.13786584,0.205299,0.45122504,0.23782945,0.26809356,0.10104818,0.31307513,0.34043747,0.41366002,0.39025056,0.36633846,0.11486863,0.11192007,0.2544902,0.47151464,0.16019149,0.19790217,0.2045772,0.26559258,0.5031115,0.32547483,0.28914493,0.14566776,0.21254896,0.5068091,0.1804288,0.1853096,0.19270822,0.24349318,0.42747188,0.22403266,0.9731489,0.31242922,0.21173076,0.6952767,0.25220037,0.4876699,0.53778464,0.1950705,0.38255095,0.31163383,0.53066796,0.18695772,0.42467868,0.22829627,0.22818404,0.25111037,0.5679219,0.41943896,0.45354268,0.43649128,0.23889445,0.69021463,0.30543953,0.3063058,0.40139818,0.12587953,0.10583276,0.38747448,0.1182853,0.27684477,0.75704396,0.17269194,0.38113192,0.33179396,0.43665484,0.33498865,0.13087697,0.38107708,0.5912659,0.27578,0.2638121,0.33504307,0.4633986,0.40306702,0.23281977,0.22822636,0.43171373,0.48759538,0.15097769,0.43764678,0.21000543,0.57723653,0.29843268,0.27973065,0.123653606,0.084996276,0.19382064,0.33742756,0.45339403,0.2900328,0.2498145,0.22747013,0.27257746,0.5695954,0.18686548,0.14239377,0.26626933,0.57911295,0.27460364,0.26738718,0.8885061,0.52258414,0.36217523,0.47889298,0.37017325,0.33463696,0.1973779,0.20870954,0.65193987,0.17796546,0.21990645,0.38460883,0.22841473,0.15311119,0.5675048,0.31234923,0.34718564,0.74607694,0.43301493,0.14812022,0.16388892,0.11661098,0.13482909,0.28497717,0.13289605,0.21735616,0.25553706,0.20506683,0.21058059,0.1505474,0.33268613,0.57445496,0.14832969,0.27187845,0.2438525,0.30330998,0.12519321,0.59525394,0.13737229,0.1505933,0.23196633,0.1872225,0.20883223,0.3530893,0.33366987,0.2630026,0.48923174,0.28725374,0.12564492,0.4449286,0.17514198,0.19970532,0.373947,0.36614242,0.19810824,0.29195178,0.3905983,0.1963799,0.5095909,0.24268425,0.2594993,0.18437696,0.27480865,0.31048992,0.14187446,0.7445822,0.33545014,0.20911866,0.46619532,0.19171022,0.23865013,0.15287645,0.18781394,0.37393242,0.14421566,0.28697902,0.25115052,0.72012734,0.18042247,0.23135415,0.39758137,0.1383929,0.508027,0.41414505,0.09475324,0.36385843,0.6092191,0.18488504,0.42380166,0.11338222,0.42342237,0.34067488,0.251327,0.24759597,0.20291317,0.14452468,0.2786081,0.44461572,0.15775383,0.6387929,0.37824544,0.15284926,0.22561061,0.41948673,0.20848598,0.26778492,0.40130946,0.24137516,0.40324897,0.247473,0.28654063,0.12731382,0.15518452,0.22777118,0.25267184,0.257266,0.12788618,0.2662027,0.23081245,0.25571752,0.675689,0.27665377,0.22168484,0.17075698,0.18378164,1.0724959,0.7843228,0.19940136,0.37251234,0.18616123,0.10582959,0.26972258,0.17550425,0.22616509,0.20480272,0.39455184,0.58586866,0.49428353,0.33882397,0.257606,0.4571828,0.5989063,0.37275785,0.09682178,0.1819383,0.44414982,0.25975963,0.61472744,0.51263905,0.15271477,0.11095238,0.33161032,0.15168181,0.20027904,0.16705665,0.43479934,0.2102953,0.25599027,0.26873755,0.14324002,0.48470342,0.36177802,0.19918104,0.36342606,0.40498924,0.21617743,0.28295046,0.38554817,0.30037674,0.17411745,0.25993744,0.277487,0.8060752,0.21404177,0.20304894,0.2833323,0.2854641,0.79821515,0.24545725,0.4411635,0.010890733,0.21184646,0.18294324,0.22817406,0.249326,0.45697507,0.18170032,0.31883243,0.16614155,0.5149012,0.18361734,0.2858592,0.25384104,0.28188503,0.3975082,0.12659791,0.18490538,0.19555049,0.2843382,0.5638451,0.46823937,0.18402255,0.21367772,0.44343373,0.34271097,0.22501658,0.14259203,0.2323195,0.3760408,0.15903142,0.51248604,0.70321316,0.63746804,0.18282904,0.23120141,0.16552816,0.24617009,0.18472931,0.33076897,0.47892702,0.2220218,0.5526523,0.27670574,0.3138645,0.3207342,0.21039835,0.17280649,0.19860613,0.18197313,0.3348997,0.8486587,0.2080836,0.6481954,0.35828963,0.36240947,0.2491994,0.21460025,0.24739456,0.65830594,0.5358862,0.2665953,0.30682182,0.26298857,0.13093111,0.03405757,0.05731643,0.19170928,0.14219978,0.0,0.00014970338,0.45463496,0.34397674,0.2055718,0.24769855,0.09706831,0.31325904,0.587177,0.043297116,0.3776578,0.24077226,0.00020814431,0.32394946,0.122430705,0.44218025,0.09164597,0.106686026,0.223901,0.04918149,0.07636621,0.010372466,0.12854072,0.44890392,0.4285089,0.5236784,0.0,0.1539021,0.21554297,0.1058962,0.30499542,0.15998788,0.02768991,0.09853546,0.5364911,0.21277095,0.3956928,0.024075976,0.21192263,0.16796574,0.5287569,0.49501416,0.15829365,0.20885876,0.5113395,0.32607102,0.17885518,0.16067511,0.057255603,0.13446072,0.31240872,0.024767455,0.094091795,0.259319,0.093525544,0.049397442,0.1399218,0.39020726,0.21195112,0.5176472,0.0245265,0.15931293,0.09377134,0.040577576,0.37006313,0.05343336,0.016247982,0.02432956,0.0024643403,0.07752746,0.09867668,0.06538438,0.10224253,0.057857163,0.37129304,0.008828417,0.16990712,0.15136538,0.41432977,0.22588533,0.38029966,0.111211784,0.011652355,0.0,0.13215125,0.02536711,0.52054477,0.37695426,0.22898816,0.08491001,0.090566635,0.2651135,0.28587413,0.22432514,0.07453633,0.0021327436,0.15542212,0.028859256,0.26218206,0.06568278,0.0,0.012382975,0.013764795,0.0097351065,0.088054955,0.10988595,0.09142467,0.018629283,0.044383492,0.10858682,0.019269781,0.062237155,0.039914895,0.02073531,0.19401793,0.0044892943,0.064420134,0.06812756,0.20804372,0.089193575,0.068169184,0.11790715,0.09804245,0.18096693,0.116629176,0.07147947,0.11063403,0.039293036,0.21460058,0.02588706,0.3630294,0.037396975,0.08121955,0.372093,0.29412863,0.060792077,0.30537847,0.015728861,0.16375314,0.025558617,0.22691263,0.04997823,0.13262774,0.2838976,0.20786431,0.0055103665,0.2904352,0.051368427,0.095351815,0.03497497,0.038746115,0.22621684,0.4474655,0.086556554,0.25306436,0.96896446,0.15388544,0.3083772,0.18173368,0.04687121,0.27594304,0.17241874,0.60209775,1.1250604,0.023721827,0.070929736,0.1403096,0.06340939,0.37212142,0.12997037,0.021008754,0.048009433,0.23183359,0.25836447,0.12777978,0.096453115,0.005561561,0.08384871,0.3967075,0.2887751,0.08132512,0.21946736,0.042356886,0.27251056,0.20213208,0.0747597,0.10812646,0.03916276,0.21345063,0.3408011,0.025804037,0.20828226,0.04181566,0.14726141,0.09412556,0.17017981,0.24611378,0.038418535,0.05028167,0.055802483,0.2676783,0.07787517,0.35033727,0.07774425,0.032568708,0.021535771,0.090889715,0.03093636,0.009605182,0.26726064,0.20314535,0.12915723,0.002477887,0.072899155,0.49722838,0.044036914,0.5425393,0.33082545,0.011943066,0.03417559,0.0027317298,0.71939677,0.032304626,0.27602336,0.13464522,0.13751093,0.07239647,0.032749083,0.019362511,0.029761054,0.061477397,0.05578097,0.016255727,0.2133684,0.20285779,0.06253641,0.29543427,0.05184547,0.3402364,0.18006618,0.072060056,0.028317641,0.030729197,0.4666564,0.036858726,0.0,0.13408327,0.1482228,0.0,0.09630432,0.14657684,0.07801686,0.07207788,0.002164961,0.2755889,0.038396515,0.1256783,0.010384922,0.0386441,0.31855255,0.08937591,0.08447456,0.053286776,0.0,0.09689703,0.44417763,0.14256863,0.12661053,0.13706939,0.10522954,0.35702804,1.0391918,0.24880694,0.098632246,0.11015648,0.029057233,0.4100559,0.09071433,0.10074003,0.38650766,0.0009119724,0.07342237,0.0,0.061048064,0.03995015,0.03211315,0.1698359,0.13009709,0.15338083,0.22679031,0.023464004,0.07851263,0.009719703,0.012980672,0.1735181,0.2674714,0.32483956,0.0011093367,0.06149362,0.0,0.0144903315,0.052909058,0.4189275,0.2857985,0.09348755,0.042704143,0.09760481,0.37248048,0.06725469,0.02293384,0.1325297,0.13434559,0.009446936,0.2256035,0.12356116,0.035002563,0.011101932,0.15802361,0.41183773,0.04299432,0.16550885,0.09074361,0.17039908,0.01806832,0.07190308,0.099882856,0.0,0.06081522,0.0022659588,0.09238645,0.15601751,0.011393806,0.0040171477,0.070494264,0.07180795,0.022846404,0.15690337,0.67645496,0.35340205,0.8123453,0.05846629,0.1698725,0.18923865,0.37513885,0.008539958,0.08457088,0.20522195,0.035352353,0.10034688,0.069370754,0.37762058,0.9383369,0.16430002,0.116069324,0.23613107,0.31922215,0.13587102,0.07280461,0.15923792,0.2097561,0.29850408,0.0,0.3748717,0.11235945,0.236713,0.105661966,0.18652663,0.14152025,0.10505904,0.07685397,0.015530852,0.84083575,0.0676081,0.58177024,0.012283638,0.04835186,0.18893524,0.18428288,0.3264918,0.4195343,0.22903597,0.116368584,0.1329386,0.11748494,0.1996113,0.058681134,0.28017712,0.08424092,0.2551093,0.12423508,0.20504549,0.3288456,0.288214,0.71053696,0.047214348,0.31409228,0.39178252,0.13637964,0.059167556,0.165902,0.63064736,0.14102986,0.1255056,0.096118025,0.018927392,0.08956614,0.07794035,0.14989747,0.3979724,0.43939742,0.022275148,0.13810779,0.36638972,0.1465398,0.20763524,0.14666867,0.00109321,0.121759355,0.10529051,0.1350087,0.4701506,0.03824504,0.032401692,0.0734044,0.07870145,0.28799167,0.21445915,0.29387674,0.08407895,0.20629884,0.005112027,0.08875442,0.14916062,0.0034628268,0.0043063527,0.13034843,0.0072694044,0.062955484,0.078767516,0.34217325,0.13138829,0.045601755,0.07758141,0.019300971,0.18926378,0.053893995,0.049035076,0.79785687,0.2194542,0.15576902,0.16853371,0.0,0.3826661,0.06369783,0.09791301,0.0028988104,0.16188581,0.5813044,0.20258483,0.57824457,0.04646211,0.08023303,0.042162433,0.17371449,0.23062457,0.013087456,0.14338861,0.8063744,0.11222049,0.5426628,0.51755196,0.8092249,0.035821967,0.094477884,0.62630975,0.34417573,0.0026601043,0.04689419,0.19232415,0.30256933,0.09918724,0.007656948,0.015611213,0.09573523,0.18815224,0.008841764,0.0041501387,0.15960853,0.42007673,0.022659764,0.065559395,0.27806264,0.14061147,0.045571215,0.058688805,0.24964345,0.2749407,0.24089134,0.08827401,0.053953357,0.4050521,0.11094056,0.020065239,0.3651314,0.020072978,0.038648833,0.17666703,0.25493905,0.3124755,0.6053742,0.04250267,0.109695174,0.67198944,0.017959513,0.27253857,0.025709152,0.66422755,0.176433,0.6893698,0.031188382,0.2947455,0.12308633,0.28442425,0.012437108,0.296223,0.39425644,0.39007565,0.47166574,0.09798877,1.6117406,0.052772988,0.5533191,0.2051511,0.11836056,0.29523996,0.098005295,0.45251974,0.2747709,0.040227577,0.049453497,0.08772888,0.07123703,0.0849797,1.0166236,0.123921394,0.7442817,0.042758368,0.13394618,0.13469054,0.8661282,0.31731334,0.09556272,0.5912272,0.002218266,0.38746774,0.075501695,0.8867936,0.35058737,0.80500174,0.0692915,0.15800366,0.044134744,0.5469665,0.10728422,0.29156038,0.10120404,0.02543839,0.9370283,0.86316323,0.15834907,0.2914737,0.15117328,0.14096893,0.36497444,0.00252606,0.58685917,0.058041498,0.42490703,1.4072183,0.07565967,0.0758356,0.0,0.10512838,0.22728671,0.001130983,0.17344925,0.07757275,0.14005786,0.12986001,0.15839134,0.039839912,0.88033885,0.013968122,0.56449604,0.18527591,0.4885091,0.30022368,0.385901,0.5872664,0.41522294,0.35762608,0.5913799,0.09421529,0.0,0.42500526,0.04643159,0.36697274,0.31588176,0.32871643,0.95939505,0.043692023,0.25391793,0.8785145,0.17412083,0.108374335,0.21632294,0.104799725,0.73320186,0.63129455,0.26388434,0.6053282,0.31417754,0.53846455,0.26209912,0.80537677,0.7739293,0.010340229,0.13049859,0.33595088,0.21125083,0.11153926,0.022157338,0.20355867,0.42553186,0.19425328
0.1445969,0.27216336,0.23900238,0.3153135,0.49210483,0.24931125,0.3634379,0.16818379,0.14272949,0.5522969,0.29000953,0.13681868,0.28382203,0.12958975,0.2153096,0.26581576,0.34089455,0.21319178,0.22512466,0.29130825,0.47519287,0.28516996,0.34612328,0.16409688,0.3169103,0.22346757,0.18792428,0.13839874,0.39486945,0.19507597,0.33889475,0.16495176,0.106338404,0.36429977,0.33290988,0.03088096,0.2021052,0.37020883,0.20101318,0.3098463,0.12564515,0.25966895,0.23641789,0.2858303,0.30349728,0.18060067,0.17341626,0.31951547,0.43451643,0.34881833,0.31685263,0.13838668,0.11233397,0.25828806,0.63655794,0.15905558,0.17585655,0.19815904,0.25457028,0.5557199,0.31251556,0.30263892,0.19916555,0.21733284,0.69180477,0.19639716,0.2473537,0.17533931,0.23531699,0.35811034,0.26188478,0.93201804,0.269275,0.17120798,0.59989035,0.21797675,0.43942136,0.6822141,0.23133025,0.3409505,0.46357578,0.48142678,0.23699316,0.65037876,0.18588613,0.1725963,0.26339453,0.39250836,0.37857562,0.4048251,0.4580681,0.23923014,0.56103575,0.18279207,0.31675482,0.31868476,0.17214215,0.11365395,0.4906114,0.11493083,0.26939496,0.8619098,0.20811595,0.30433393,0.3077597,0.30163142,0.39456025,0.13516742,0.32141918,0.620274,0.2226411,0.23769799,0.28421807,0.32438073,0.39913648,0.20985389,0.22750142,0.39552343,0.5584175,0.20865414,0.3286822,0.31456876,0.63506365,0.44957462,0.34598652,0.12728664,0.093631625,0.20101336,0.23695113,0.6257718,0.3868634,0.2725119,0.16799895,0.26217672,0.6266464,0.19055508,0.12967105,0.30248305,0.36646575,0.2776647,0.29714552,0.8682211,0.60158694,0.38509995,0.4327004,0.26949412,0.23897265,0.28434294,0.19794922,0.47901314,0.2140269,0.28201854,0.3579922,0.27488783,0.18472727,0.8501553,0.26923463,0.44734412,0.5375883,0.42538288,0.13484009,0.1692182,0.107153,0.21520148,0.3158519,0.15954867,0.14228037,0.15654817,0.14747481,0.1986748,0.15627547,0.3335712,0.36578965,0.17573638,0.3399353,0.20757616,0.32745925,0.14483848,0.51296353,0.22275065,0.14892195,0.26482442,0.1485028,0.19350845,0.37860084,0.44692323,0.27338204,0.4177752,0.26607054,0.13910225,0.363687,0.16872624,0.18099512,0.3096212,0.40091538,0.19508526,0.18475778,0.3496274,0.16770223,0.3613911,0.15190469,0.31653616,0.22051772,0.27772412,0.31807327,0.117448196,0.75751853,0.2579262,0.19695804,0.318437,0.18747376,0.23910573,0.123032495,0.16275266,0.40851375,0.26272753,0.25345868,0.22407997,0.6834183,0.26218775,0.38549805,0.40155247,0.16589248,0.44557586,0.51328754,0.09282283,0.20335425,0.5419816,0.23189805,0.29887676,0.17775019,0.33963656,0.27737164,0.26312113,0.27839518,0.20799638,0.10708713,0.22942872,0.37228873,0.1230518,0.68489856,0.62239105,0.18576081,0.21338427,0.3633521,0.2002105,0.26165748,0.2105645,0.35812044,0.28129706,0.23169291,0.19019312,0.11989106,0.16395491,0.2627586,0.1834217,0.23490626,0.12893544,0.24768983,0.31274882,0.2851822,0.59845984,0.18922246,0.14890352,0.10367845,0.20356408,0.77075815,0.515226,0.21042384,0.29700089,0.19612795,0.10735066,0.46833012,0.22914967,0.27139178,0.27364248,0.61232466,0.77877766,0.3861777,0.43980336,0.3007487,0.575278,0.5313014,0.30519867,0.23555398,0.22203158,0.27632195,0.20917672,0.43195677,0.5680764,0.1911936,0.105024755,0.26808104,0.32039824,0.22102663,0.14955658,0.3543565,0.1742137,0.3168011,0.3379164,0.18083672,0.40718198,0.4687083,0.21421193,0.5275691,0.49975416,0.21548356,0.32004848,0.44613948,0.36996537,0.21510953,0.22718963,0.29209998,0.5519956,0.20534134,0.24087206,0.25961038,0.2883752,0.7077724,0.32620385,0.2893558,0.10360705,0.13865031,0.17478994,0.25168312,0.22529133,0.41825336,0.16528262,0.21779932,0.25506803,0.42706245,0.18349671,0.17972748,0.24151318,0.21670844,0.3580494,0.20327497,0.1645981,0.2510383,0.19220936,0.6340047,0.34797123,0.18008122,0.16693237,0.42566067,0.2954281,0.22809952,0.17591064,0.28722662,0.6263376,0.23069012,0.4953154,0.6647532,0.5102275,0.17533317,0.17669612,0.15082324,0.25941503,0.16747385,0.46034777,0.33148202,0.23665226,0.6043348,0.27810815,0.36115992,0.5261208,0.24886256,0.28883192,0.21838246,0.32902282,0.52402663,0.574944,0.18142283,0.6173131,0.55042046,0.2748089,0.27836248,0.20978737,0.39774692,0.41699147,0.36799648,0.20960458,0.24936351,0.42380717,0.07087778,0.016094213,0.1546993,0.16828819,0.1122775,0.0,0.11230958,0.12882854,0.13734862,0.33951783,0.011360785,0.6032989,0.134155,0.23591504,0.32503754,0.20222606,0.11505099,0.027438495,0.5374405,0.103247665,0.031838022,0.07358103,0.16562682,0.07901137,0.16688289,0.14726192,0.05483005,0.3564095,0.13829416,0.049840353,0.42274895,0.007492447,0.15620121,0.05005465,0.14625587,0.45546693,0.03221324,0.032564737,0.082166344,0.15495013,0.0123214815,0.0784552,0.103595234,0.29746604,0.07426577,0.20525165,0.18649177,0.050587945,0.122635566,0.3692054,0.24572016,0.25868553,0.30285865,0.08668222,0.17324267,0.1913267,0.10426191,0.06686141,0.008995797,0.33350122,0.05082523,0.1705441,0.39852777,0.022478629,0.31866667,0.030027969,0.090662405,0.08620252,0.0,0.7532362,0.0,0.063863456,0.024535844,0.022022866,0.517179,0.054982405,0.08152678,0.06042175,0.056873973,0.14256331,0.0,0.11715988,0.2035996,0.16131347,0.14035627,0.1527242,0.17975932,0.26147306,0.0041587204,0.09350812,0.24825981,0.26325533,0.12592562,0.052436706,0.12040241,0.06374182,0.079154864,0.19607055,0.008060768,0.21767817,0.33743808,0.3029097,0.0029636025,0.4457764,0.17966872,0.014257889,0.0067112353,0.022901569,0.211335,0.047204062,0.061994154,0.03863479,0.018873587,0.01903322,0.08139235,0.18643072,0.17968951,0.035524834,0.34136802,0.1150649,0.0,0.09037234,0.11532214,0.014140929,0.15037994,0.13892813,0.04170888,0.07088427,0.22685304,0.04457974,0.17011392,0.038903557,0.6302267,0.13686201,0.09610955,0.16201091,0.04363014,0.096160345,0.2833649,0.46611288,0.040690742,0.15037122,0.04654722,0.08377132,0.6367346,0.20217052,0.77461404,0.08112215,0.20964839,0.46410048,0.24479912,0.39856592,0.065630734,0.46137047,0.061427414,0.03452788,0.57523257,0.30879247,0.077635765,0.0,0.5432815,0.7002292,0.2045168,0.03927967,0.12326139,0.17533849,0.10852629,0.082977064,0.47856823,0.031182192,0.07264135,0.35073435,0.07785502,0.27780318,0.7553368,0.113555916,0.019108115,0.110684454,0.12811987,0.11196553,0.10910815,0.07956579,0.17432065,0.19270119,0.13163252,0.115156494,0.2328134,0.24916549,0.32296532,0.26173836,0.10209375,0.13087808,0.00073781965,0.14485085,0.29683134,0.06105114,0.10045742,0.035283737,0.077898316,0.2570223,0.090193555,0.022686353,0.057799228,0.08422385,0.1867587,0.06609568,0.30025008,0.06633235,0.028118197,0.030989362,0.02424633,0.1340712,0.30318192,0.05452352,0.02781627,0.1622983,0.3154024,0.017082253,0.077548556,0.117609665,0.05511425,0.15560842,0.4007247,0.57875824,0.03640389,0.02128583,0.5995325,0.025279928,0.17326303,0.070383385,0.047442373,0.012793101,0.015944729,0.1888729,0.0045026485,0.028263757,0.07342865,0.21288691,0.094098926,0.07818476,0.062807634,0.63913304,0.073513694,0.38290656,0.018522587,0.25589025,0.036862135,0.03501369,0.21875338,0.3944464,0.0,0.006988602,0.07079372,0.19726232,0.10310286,0.17387949,0.25218034,0.08505781,0.4889713,0.9397868,0.032877218,0.32428485,0.002031583,0.03517873,0.21695203,0.09241253,0.042508923,0.017802702,0.0,0.2518669,0.41387567,0.17809467,0.26651618,0.06992261,0.13145557,0.07880756,0.5297695,0.13471705,0.024578633,0.5254363,0.12211195,0.77258915,0.045316946,0.07828574,0.70233005,0.2801243,0.08688556,0.0,0.06546936,0.045329757,0.047990736,0.005389897,0.058073908,0.6700692,0.15322194,0.13151199,0.077226646,0.0016769018,0.14072244,0.74834263,0.39782655,0.15058161,0.16377254,0.39055827,0.00035047907,0.01999771,0.08090066,0.17827587,0.038736448,0.09361722,0.07508876,0.090728216,0.03809209,0.10755357,0.15896782,0.17402291,0.5785414,0.11729781,0.112031914,0.007955798,0.03635169,0.1471585,0.09643399,0.10416036,0.029396256,0.15110472,0.2723871,0.17892678,0.04523991,0.006067237,0.07909937,0.010183258,0.061281893,0.29924956,0.01627321,0.10071557,0.055587497,0.012479524,0.1377343,0.1353726,0.021350462,0.29421592,0.19755699,0.53199303,0.4767963,0.05472171,0.11213256,0.2931184,0.43611068,0.12792017,0.16856715,0.4457327,0.019524878,0.36151698,0.07713147,0.095167935,0.4100496,0.09949453,0.1612891,0.27462438,0.084650576,0.2133005,0.06652267,0.50065607,0.058896832,0.10435495,0.011044172,0.3781718,0.12046842,0.027015971,0.091148764,0.30926624,0.06627472,0.07211808,0.15096164,0.15977664,0.15673198,0.5939603,0.14188418,0.3236408,0.03709373,0.14819464,0.04753289,0.20062357,0.35681728,0.1900418,0.06557837,0.14064531,0.1220218,0.13464314,0.04236318,0.11826883,0.086373076,0.2129305,0.13820043,0.22851488,0.85495734,0.3189194,0.7836006,0.12323794,0.3201749,0.07638408,0.07255305,0.07261619,0.50360346,0.6569927,0.1482757,0.03246007,0.08096265,0.013991199,0.09064481,0.042219114,0.06692845,0.09155859,0.20704651,0.20828402,0.022817142,0.77276534,0.15328862,0.301919,0.15264012,0.0,0.17583197,0.00024387182,0.2669154,0.62652427,0.0785506,0.04491224,0.045772057,0.0,0.46649745,0.55631196,0.46815768,0.041112248,0.23367533,0.053942293,0.19040334,0.09658144,0.005559268,0.067554735,0.13827968,0.0004909527,0.0076977625,0.24919662,0.28825575,0.11952774,0.041062687,0.4122017,0.010497354,0.27861345,0.039711684,0.11355018,0.81615704,0.14053388,0.13619651,0.5334921,0.0,0.22541757,0.07482588,0.10570343,0.07753426,0.75333273,0.8435418,0.16346459,0.155439,0.15702426,0.123595975,0.050403185,0.17630875,0.074512556,0.09773677,0.23295325,0.57258177,0.08689522,0.21528575,0.24615823,0.18767819,0.119665116,0.020340962,0.30057487,0.35681993,0.00013334259,0.04750085,0.052234095,0.3053146,0.024237989,0.14151712,0.0,0.012261582,0.18648414,0.015121316,0.0032258183,0.37643632,0.6086161,0.015225729,0.20771523,0.24513215,0.076198444,0.050002366,0.0151268095,0.051575694,0.15285109,0.17361449,0.21798845,0.056395568,0.54779315,0.009231429,0.026046636,0.21586913,0.32640463,0.104109265,0.09684687,0.13569872,0.482403,0.27968332,0.10580365,0.2153102,0.68994373,0.0075421873,0.068101324,0.05754056,0.49408072,0.17604129,0.28682554,0.008672637,0.12469734,0.26250878,0.45750785,0.0,0.25924435,1.0296715,0.4433767,0.10460739,0.3235254,1.5919174,0.16386183,0.06920346,0.2740333,0.22442079,0.19377503,0.13452531,0.11588873,0.47536302,0.07545669,0.10429359,0.12851058,0.11377996,0.0369488,0.83727676,0.05185049,0.2816024,0.0,0.36227313,0.013861352,0.63987076,0.22108209,0.53720516,0.6741786,0.10959075,0.14074695,0.051307455,0.80242157,0.22746454,0.77342474,0.13689338,0.23228048,0.0,0.6510252,0.023534877,0.28747207,0.0856854,0.12661201,0.3424428,0.533773,0.34103546,0.120746225,0.056900512,0.29002377,0.13434808,0.09735311,0.25730294,0.10441993,0.5976062,1.3116628,0.21535662,0.1567981,0.10118252,0.05726841,0.1950666,0.01145347,0.096829236,0.1956253,0.36428854,0.08898302,0.26082912,0.081693135,0.42995834,0.16317089,0.2563946,0.49934068,0.5316255,0.39404407,0.25257677,0.39327428,0.31084406,0.35491362,0.6669155,0.47569072,0.0067025325,0.10577117,0.15191506,0.054913536,0.42716327,0.48888993,0.78977567,0.0,0.46090928,0.5275203,0.16530761,0.016507294,0.29171208,0.17487425,0.57807523,0.8281782,0.19057505,0.5318557,0.42873022,0.22981614,0.21878009,0.95609266,0.5889575,0.061555676,0.22410367,0.3561147,0.21082515,0.1318865,0.104296885,0.18915305,0.091695875,0.2292436
0.1747971,0.18523364,0.3172175,0.33249927,0.39198014,0.26123863,0.3097017,0.3645345,0.13914835,0.8579595,0.27333868,0.19433112,0.30389315,0.1218927,0.22422716,0.22951305,0.5039842,0.22517172,0.24153534,0.27294195,0.51730263,0.3316057,0.3786474,0.15996213,0.50481623,0.22615485,0.26979518,0.14986946,0.47076032,0.24278286,0.32257336,0.1686416,0.115992874,0.42616692,0.42879882,0.08343243,0.23563533,0.2958517,0.2554672,0.20029226,0.16736287,0.3412555,0.26121476,0.33135578,0.30483064,0.14953975,0.17802669,0.26389495,0.4009549,0.2813847,0.27158102,0.12912051,0.11066628,0.20684443,0.667447,0.13209805,0.16245514,0.26313314,0.32155117,0.50669,0.27886847,0.39296803,0.20501028,0.25658128,0.4855541,0.213881,0.25036442,0.19081639,0.23577036,0.2638574,0.26160645,1.2082767,0.18581855,0.20228349,0.55576205,0.21057549,0.42455554,0.62720287,0.23393771,0.24940406,0.5213504,0.5062124,0.24887536,0.66906476,0.4395265,0.15821098,0.24816805,0.36208093,0.38583538,0.36185697,0.48714978,0.23369712,0.6003518,0.15403223,0.41964838,0.319324,0.18786044,0.10999498,0.5256474,0.122612275,0.2266342,0.7235369,0.19455393,0.3332331,0.31474122,0.24566829,0.45700973,0.15203112,0.5393381,0.80262256,0.19699515,0.33660567,0.36733848,0.37614682,0.33688974,0.15620011,0.19599935,0.71649826,0.43273416,0.25349462,0.4758254,0.39265162,0.71798146,0.4979083,0.47099853,0.15577054,0.101931915,0.27317685,0.24819997,0.51617295,0.37900326,0.5884973,0.18930961,0.2690193,0.7675104,0.18733488,0.1090655,0.2624374,0.4213534,0.24068704,0.27543694,0.71090263,0.58363926,0.2788366,0.42159224,0.27502003,0.19770907,0.28673425,0.21700072,0.6088046,0.26055726,0.28533,0.21791664,0.24007054,0.23816787,0.960396,0.20712389,0.5878062,0.57488406,0.42164093,0.13834459,0.17123757,0.1590719,0.24152341,0.32705748,0.14912823,0.15507545,0.15394975,0.1659671,0.1924656,0.16465573,0.22017242,0.32099923,0.3406161,0.2645693,0.19197188,0.28830576,0.13090926,0.4388841,0.22284496,0.14682622,0.19205908,0.1381673,0.1643711,0.40276587,0.4304578,0.24658242,0.40540493,0.22710662,0.12101619,0.30589005,0.22317366,0.21232338,0.25731966,0.4138032,0.18789405,0.23041908,0.38337296,0.15838617,0.37965822,0.1610917,0.29838765,0.3916557,0.29792917,0.3288235,0.13123366,0.6049373,0.22523397,0.17928688,0.47359255,0.16940403,0.3633911,0.12250451,0.13040563,0.2884329,0.26476747,0.3114889,0.20074618,0.85047615,0.25102752,0.44616434,0.39767623,0.1766791,0.64196795,0.6507917,0.08627752,0.24079528,0.44368136,0.17373078,0.2642254,0.14634101,0.45154637,0.25504813,0.23972692,0.39856791,0.26403266,0.1076741,0.25979856,0.2123156,0.22379114,0.64610064,0.6019444,0.21171683,0.1833287,0.32026228,0.23058861,0.220409,0.31633526,0.34758908,0.30705175,0.20406337,0.19065845,0.12235086,0.14953618,0.24597834,0.19347723,0.25792047,0.10997346,0.17407188,0.28004956,0.23674329,0.5629669,0.19977768,0.2220338,0.10648728,0.19734414,0.5496541,0.62848634,0.24102496,0.41527286,0.19426028,0.10930703,0.68229496,0.18658547,0.23487477,0.39973935,0.48905432,0.8012471,0.22084905,0.38989356,0.29131562,0.6636113,0.37855875,0.39360818,0.23337321,0.24198805,0.27911925,0.19448845,0.40709397,0.74594176,0.16420956,0.099823885,0.25097483,0.45821396,0.2297667,0.14490205,0.324059,0.24921785,0.3695223,0.38707018,0.24413988,0.34348568,0.51820815,0.28428957,0.37313446,0.52373445,0.23425218,0.39556605,0.75145924,0.41895205,0.19822562,0.24034034,0.33558068,0.54797053,0.20515707,0.29960215,0.21853638,0.2311725,0.64230776,0.33507687,0.3125238,0.19081968,0.17210256,0.19668844,0.34813955,0.3284241,0.42786455,0.16100846,0.19511418,0.28178203,0.42861202,0.15952897,0.16351876,0.19079173,0.21183376,0.3377595,0.15066281,0.123407595,0.14313297,0.2011291,0.68538415,0.41899455,0.1654662,0.22647184,0.42635298,0.3409925,0.19749373,0.1806263,0.3162569,0.4813981,0.31887507,0.54312664,1.0699085,0.50641096,0.16574709,0.14979023,0.15259422,0.26531228,0.17931156,0.33341327,0.3766253,0.21460934,0.5426602,0.3339668,0.27605748,0.59974414,0.20702599,0.26106083,0.2636453,0.49324593,0.5838937,0.67152065,0.19252548,0.6254616,0.55067515,0.31154633,0.23024218,0.26843226,0.3010946,0.37644118,0.40008035,0.19838296,0.17783803,0.31089175,0.079455435,0.008553049,0.1947811,0.3281455,0.07367307,0.0013814257,0.016032483,0.19207092,0.106447466,0.32601756,0.0016153419,1.1833987,0.5465488,0.36603728,0.39673755,0.19019559,0.11649389,0.010192929,0.67654705,0.10191321,0.027584497,0.106080376,0.24441911,0.15069704,0.053134505,0.11850631,0.005534425,0.5351102,0.08071858,0.055158764,0.4137367,0.0,0.11845448,0.050120715,0.4963556,0.4579107,0.3774527,0.109236374,0.066008784,0.10655711,0.0030972627,0.21992932,0.0123092905,0.54074943,0.059536505,0.37496546,0.0919186,0.07493454,0.11806208,0.35697916,0.55468047,0.6604038,0.39636806,0.07818213,0.31985247,0.40408137,0.113705486,0.057865713,0.11563634,0.24787228,0.04486791,0.13042392,0.094687134,0.023252878,0.24147242,0.0057118814,0.06923,0.0845728,0.04538576,0.4806704,0.0,0.0011941305,0.022934547,0.008064488,0.69380015,0.048460823,0.23369533,0.060868274,0.11089871,0.030864438,0.022158401,0.2801836,0.2665538,0.2585936,0.18616392,0.20262726,0.4961004,0.3354774,0.09628931,0.085972376,0.9904474,0.39138058,0.12513351,0.052288577,0.13329676,0.058260303,0.16290145,0.050563082,0.03270954,0.3458107,0.36838955,0.11221615,0.011061471,0.1655887,0.081093535,0.01535718,0.0028924504,0.0446723,0.21591757,0.05182954,0.13530076,0.064273484,0.018609721,0.01758196,0.54293853,0.36074686,0.14291345,0.04927791,0.2226132,0.17772438,0.02131881,0.41593564,0.12862395,0.6276434,0.09884364,0.07180397,0.020265834,0.064351395,0.30393052,0.08683882,0.33048287,0.031491697,0.8842964,0.34164175,0.020972792,0.1076631,0.20334731,0.09438903,0.16327222,0.643848,0.008842986,0.14717874,0.058680344,0.08041702,0.8465184,0.42118183,0.93297315,0.16471253,0.24073161,1.2292832,1.1749204,0.87520623,0.037990514,0.58981293,0.03305946,0.19666958,1.082046,0.6592544,0.07372726,0.0,0.54585725,0.9597945,0.359028,0.093203545,0.087828726,0.13775674,0.08518224,0.010563025,1.3197793,0.079011,0.07406783,0.07253577,0.3404082,0.2559755,0.73548704,0.13290134,0.024525182,0.09023532,0.2344734,0.04802035,0.11436514,0.12420533,0.13252194,0.5133235,0.40540645,0.3458728,0.4355668,0.30574667,0.1548121,0.19098026,0.09895581,0.5554726,0.004480295,0.15642665,0.11165213,0.19525662,0.21273118,0.050312657,0.052049242,0.051004685,0.086744785,0.059726592,0.3592546,0.110465206,0.31060877,0.11625915,0.08572744,0.058569938,0.02377858,0.030810907,0.047303803,0.09782559,0.36969045,0.18614037,0.011535593,0.26648995,0.08706507,0.25568658,0.16001067,0.08921607,0.047821786,0.25173786,0.5369303,0.7921567,0.023243446,0.0,0.4637471,0.32843935,0.24145086,0.05824574,0.04554479,0.13858518,0.035208546,0.69874036,0.0,0.20173481,0.09706361,0.3352165,0.06700109,0.081337996,0.06380567,0.28652176,0.14865047,0.6545642,0.09471738,0.2850178,0.026853055,0.031493254,0.24684002,0.57826704,0.0932551,0.028301395,0.06769404,0.7928004,0.10223402,0.2621796,0.42609036,0.04234185,0.893126,1.2023734,0.06573288,0.34733254,0.00041625375,0.031086158,0.12513454,0.12334079,0.03099729,0.03648709,0.0,0.16572179,0.35200778,0.11592181,0.50102407,0.066021055,0.20394315,0.10502713,0.54235834,0.5596132,0.15195389,0.4042196,0.1092971,0.6050913,0.041759655,0.037698783,0.8869902,0.18616503,0.3303439,0.0,0.06505926,0.060210384,0.025150824,0.0,0.033458788,0.60747904,0.15205568,0.083004,0.17127286,0.22866595,0.23600698,1.2399246,0.0,0.14747848,0.110772796,0.13092737,0.0,0.02774025,0.1576297,0.083363876,0.044057146,0.086715,0.06872268,0.07508474,0.009410559,0.07124468,0.0025572437,0.24676226,0.7921341,0.0111979805,0.17022806,0.009905215,0.07764176,0.5330746,0.19485536,0.10360153,0.027466701,0.07823994,0.09180578,0.10008548,0.03255625,0.0051599112,0.07768368,0.15379068,0.16516314,0.46962577,0.011784849,0.08670463,0.012426346,0.0,0.16443132,0.122331716,0.021112515,0.2181305,0.14596806,0.5385998,0.44176844,0.08083506,0.05883265,0.515657,0.109511755,0.44052687,0.104839474,0.6835071,0.011752254,0.81050855,0.06636114,0.15117769,0.3831209,0.2300916,0.39933622,0.6380157,0.10179018,0.1737154,0.061824888,0.3204124,0.04574223,0.2509132,0.0019960839,0.030416641,0.15839842,0.2513926,0.0466128,0.13496804,0.08158071,0.01781231,0.18075117,0.02138142,0.14791329,0.90685755,0.14589062,0.78639096,0.19480774,0.13772234,0.03911725,0.11486129,0.26582676,0.2644128,0.05914529,0.17284152,0.14083464,0.13474855,0.12642308,0.056184083,0.08801232,0.2917467,0.14824846,0.461468,0.45216736,0.35321516,0.8121875,0.039185625,0.44608617,0.0716491,0.08219241,0.05731841,0.61730075,0.28210473,0.15059298,0.050481446,0.23987511,0.00894714,0.090812296,0.036581058,0.13418926,0.074038334,0.2194124,0.12868814,0.027020741,0.8401174,0.15589917,0.39182258,0.1620287,8.8222114e-05,0.09242144,0.0,0.30663544,0.23065066,0.032893993,0.1001607,0.077281006,0.0,0.2908543,0.42693415,0.6513834,0.06375776,0.20521273,0.03951299,0.35782126,0.16584942,0.0,0.00924137,0.13667078,0.018899178,0.12199568,0.1532832,0.50184435,0.13433313,0.21599905,0.020252082,0.21190538,0.45953345,0.03661072,0.06252309,0.9821057,0.14976259,0.17911288,0.3754456,0.05893232,0.07896667,0.06749506,0.107730515,0.0092631215,0.7353447,0.6457574,0.18038672,0.19068941,0.2506081,0.10811787,0.07553459,0.17784724,0.21477583,0.16997406,0.36331734,0.83080983,0.084071666,0.27565378,0.26477993,0.19472235,0.08913319,0.055754196,0.31687048,0.46395954,0.00031397803,0.050953116,0.047249664,0.31558612,0.0416207,0.00105892,0.00022207072,0.05505553,0.20696665,0.015868746,0.0047771432,0.116204254,0.38296068,0.013564523,0.33046198,0.28785214,0.12145672,0.107223764,0.079869606,0.07024464,0.28124133,0.32644218,0.21603131,0.094192535,0.51784736,0.0074672615,0.09417161,0.14830622,0.23080118,0.0,0.20038395,0.42173305,0.30975357,0.64287996,0.23274758,0.69328403,0.89814216,0.111647755,0.061343357,0.056282982,0.47304606,0.14708665,0.3982441,0.10990051,0.32002538,0.080241404,0.2414067,0.0,0.2878964,1.0875378,0.65648013,0.14643054,0.40723154,1.7227548,0.08197445,0.08542116,0.1749221,0.097837105,0.26854876,0.1325458,0.09554768,0.3146435,0.20204635,0.05047857,0.21075763,0.10863816,0.06229824,1.1795557,0.07001413,0.44806057,0.0,0.4014324,0.0024669059,0.65177226,0.16274673,0.69257677,0.82660824,0.028982371,0.20702451,0.082035325,0.6415002,0.22383209,0.7373167,0.09887817,0.22704796,0.0,0.6503372,0.06871488,0.2919219,0.025025731,0.23791942,0.86266047,0.62120914,0.39647803,0.0277203,0.041543473,0.23039106,0.27462912,0.09727103,0.14568593,0.09089706,0.94994074,1.4861016,0.05797428,0.23162073,0.06641836,0.0449591,0.30150357,0.086141706,0.25728005,0.40966913,0.06328075,0.058823105,0.3145873,0.066548094,0.76424265,2.1012462e-05,0.3397153,0.58726835,0.8382314,0.61896265,0.37285724,0.16176131,0.40146232,0.5943303,0.6129194,0.5397707,0.00069438707,0.084965646,0.09407241,0.025462644,0.43821535,0.6630449,0.7693206,0.021769032,0.6027631,0.8354577,0.10149548,0.0,1.0834922,0.083105266,0.8897609,1.0926113,0.1429482,0.6415308,0.41599423,0.14732154,0.2097287,1.0928402,0.40806177,0.010968415,0.20625469,0.2940875,0.2923037,0.058688547,0.088163696,0.19481525,0.1428746,0.058408894
0.13094325,0.3132048,0.1878626,0.17172574,0.34503615,0.22913454,0.24725492,0.25976875,0.13733897,0.4344623,0.2404847,0.1491307,0.20912005,0.10948247,0.18834831,0.39313674,0.46425772,0.21739979,0.2259348,0.32954127,0.4695015,0.33638194,0.36922356,0.1669792,0.28495052,0.23872414,0.19248204,0.14726308,0.3888227,0.3883307,0.35396433,0.2037213,0.10694145,0.3961656,0.4305869,0.056717176,0.21799004,0.33369282,0.1781053,0.3417768,0.15126719,0.25125843,0.22991836,0.15721934,0.35357943,0.17643091,0.16491489,0.3422628,0.43063253,0.30944917,0.26341578,0.12901756,0.13013522,0.19882324,0.5631811,0.18208648,0.16352408,0.17579962,0.32038558,0.5744662,0.29611748,0.26944998,0.18502551,0.22948171,0.5859666,0.20270152,0.31207275,0.19017564,0.21873173,0.34016714,0.2188183,0.8842939,0.34167325,0.1822843,0.56467056,0.24962814,0.37123975,0.63518286,0.28642336,0.40194473,0.23529148,0.5740283,0.2419386,0.41957855,0.17566682,0.22327752,0.17955574,0.38963357,0.37427813,0.46680722,0.3568534,0.24848339,0.3477427,0.21217039,0.4378902,0.29627004,0.1726045,0.11120975,0.59225976,0.112670556,0.23062444,1.022404,0.19246128,0.33016154,0.24420397,0.23638228,0.2993402,0.13443194,0.3574471,0.50633365,0.3364279,0.30550143,0.30653977,0.283798,0.40824354,0.326545,0.1992672,0.5943766,0.6073411,0.26948056,0.4044075,0.349925,0.46244097,0.3842019,0.26426494,0.1291244,0.09316312,0.28718206,0.26502612,0.61518776,0.27964425,0.2571307,0.15841615,0.18437232,0.6065046,0.18462035,0.10715701,0.32421714,0.36579752,0.26893386,0.28750956,0.90411735,0.63514346,0.5977129,0.4436447,0.22548783,0.22669266,0.23377036,0.20748742,0.45653012,0.19643866,0.28572717,0.38059425,0.24615942,0.15856826,0.8419543,0.21269256,0.45354947,0.54435164,0.5811813,0.14881092,0.16976084,0.15319379,0.15502143,0.32042038,0.14549294,0.2337531,0.1438491,0.1488139,0.19031397,0.1574798,0.30610248,0.4301541,0.25961885,0.41333818,0.21684611,0.3508404,0.2584842,0.35956192,0.15908214,0.14252089,0.25398153,0.13144052,0.14671676,0.22823717,0.4212382,0.18247771,0.29676595,0.20343271,0.11273459,0.32219017,0.20872925,0.19272573,0.30552498,0.33133155,0.18463472,0.21678086,0.2616918,0.15655586,0.39143643,0.21042216,0.2739638,0.29136604,0.27109474,0.29682887,0.115221746,0.8304894,0.22597508,0.20155202,0.3433311,0.17802468,0.19757347,0.12693411,0.17698728,0.3554735,0.28609318,0.24632898,0.17020743,0.5373669,0.19971,0.39495593,0.401976,0.2296702,0.44902036,0.46786618,0.10409898,0.2189684,0.34431332,0.30577397,0.22928125,0.15043254,0.2951606,0.28210166,0.30170974,0.28794965,0.22194183,0.105513945,0.2760642,0.2580165,0.11936772,0.59147865,0.5979204,0.1823864,0.2103278,0.23606308,0.18217629,0.18230376,0.32721013,0.29626197,0.3659658,0.1972864,0.22098237,0.11434196,0.17050938,0.20757282,0.19549339,0.30968887,0.15602688,0.13235976,0.3562827,0.28095993,0.50289476,0.19824989,0.13888563,0.113831386,0.19677907,0.79812217,0.3692895,0.14565831,0.2972764,0.2120001,0.09895754,0.58163995,0.15649137,0.30163673,0.23710671,0.6392699,1.0053862,0.27323484,0.34586307,0.24662922,0.40152103,0.3806852,0.2738456,0.19098055,0.20369074,0.16708815,0.15323722,0.4657845,0.46017915,0.16476396,0.17223322,0.20970736,0.25358045,0.21472538,0.14407232,0.30617452,0.27111807,0.32568306,0.3192867,0.14977613,0.4938466,0.49391127,0.30409467,0.58345443,0.44044384,0.28375095,0.2460748,0.42501613,0.40979806,0.1939909,0.27327076,0.31633723,0.8295668,0.16320236,0.2711243,0.23982686,0.25631347,0.72430944,0.4046511,0.30122676,0.11829336,0.17243667,0.18455479,0.25245804,0.3161669,0.36009294,0.15339236,0.17446353,0.40344873,0.35669285,0.1570001,0.2691343,0.26079962,0.3244386,0.2832463,0.13488957,0.1425022,0.20188776,0.37494925,0.6992477,0.33651134,0.19945124,0.17126781,0.28053454,0.2343801,0.20269322,0.16843441,0.23253576,0.5266056,0.16642827,0.5475104,0.6836452,0.5104923,0.17770123,0.21921217,0.1744615,0.32136086,0.19052899,0.27195036,0.29268128,0.19905496,0.69053835,0.33121082,0.3152143,0.3170071,0.2255347,0.25214165,0.22386386,0.33527222,0.46291628,0.59032255,0.17354329,0.5727387,0.5334399,0.2857539,0.20175934,0.20718904,0.2776782,0.67776185,0.32108712,0.24695551,0.21353224,0.37728104,0.014131245,0.0072339955,0.060397908,0.07488326,0.0957984,0.0,0.18961981,0.16555178,0.1935375,0.12987825,0.51594466,0.34916878,0.296715,0.24368176,0.052868556,0.06477664,0.028872266,0.0044356277,1.6164446,0.09920781,0.30692312,0.076805554,0.03752623,0.31946722,0.071413234,0.0898,0.006183549,0.36753303,0.17211157,0.6159204,0.32734922,0.0,0.041489504,0.10509493,0.019767268,0.8069787,0.011344762,0.02912779,0.06929111,0.20416597,0.3173094,0.22883643,0.01989227,0.19122964,0.05997302,0.6919298,0.2312552,0.045788046,0.114004165,0.34419224,0.47799402,0.06172697,0.40842006,0.082726255,0.10554107,0.09634943,0.24354851,0.081776336,0.0060214526,0.14078599,0.045061078,0.13756998,0.1936259,0.030738162,1.0397955,0.07679204,0.06769551,0.0830059,0.0,0.89751834,0.00087802456,0.17080288,0.024080358,0.005831637,0.06945606,0.6359665,0.48217484,0.056378253,0.024063984,0.24063258,0.15419246,0.17032959,0.28554702,0.12181464,0.20537855,0.10289522,0.18434289,0.027137224,0.0,0.1247022,0.38206378,0.8981792,0.3132499,0.23611328,0.13665473,0.15181372,0.14651324,0.77634287,0.11370985,0.68116945,0.13385527,0.08551773,0.062537655,0.15956365,0.107209325,0.009087574,0.004674796,0.01548556,0.0,0.039920703,0.06903899,0.060128815,0.022934318,0.017355744,0.35894483,0.19106223,0.070285365,0.03716091,0.019849056,0.1367516,0.0,0.08478396,0.059837103,0.012740509,0.121566966,0.09581287,0.028090594,0.16416703,0.5965294,0.13582806,0.16338512,0.16019909,0.20160963,0.41930544,0.034433477,0.39215052,0.09133396,0.09087733,0.2543207,0.19089602,0.0045387447,0.26399827,0.046937834,0.16965427,0.11411733,0.24806435,0.44257227,0.00042037305,0.3124609,0.16799444,0.38899723,0.35890475,0.042244066,0.15847112,0.0022136013,0.46861535,0.3385769,0.12527966,0.09782865,0.016034594,0.4726218,0.37303647,0.48831776,0.24367006,0.061671894,0.19277532,0.16932343,0.53725576,0.29938376,0.031849742,0.07287305,0.07520629,0.06347382,0.48949462,0.12501591,0.37607443,0.025761083,0.19397551,0.102095865,0.041487604,0.10809409,0.13425644,0.18140775,0.16918997,0.28259012,0.16725385,0.39247373,0.06600559,0.21758772,0.30053243,0.08053855,0.057727784,0.020323439,0.14542973,0.14965259,0.020664928,0.1263528,0.044112965,0.025872089,0.36115363,0.08856415,0.14307646,0.020366494,0.19616191,0.19828358,0.07924424,0.09775189,0.2404152,0.025423225,0.030216035,0.012224699,0.1058838,0.10614975,0.0,0.11292538,0.5315059,0.094992936,0.12476304,0.056636553,0.15810402,0.07637688,0.49661615,0.33758023,0.1041569,0.0061319964,0.0,0.25929016,0.2162618,0.08054579,0.10328744,0.43201232,0.116020404,0.008398077,0.071080506,0.0021916565,0.12916048,0.07530287,0.23740317,0.11678465,0.20593683,0.064226694,0.5017132,0.21242554,0.46614176,0.653024,0.10274357,0.0270885,0.19074832,0.09476467,0.81874084,0.0051852944,0.004658928,0.07113259,0.07908842,0.099656746,0.0030694676,0.36355913,0.089745715,0.1873363,0.5399242,0.011132756,0.67424095,0.0,0.042389903,0.5942289,0.105621755,0.038253956,0.013278569,0.0,0.23160736,0.6513013,0.31926623,0.4540089,0.099914394,0.08360905,0.11065003,0.9351181,0.178298,0.013900474,0.41341543,0.028424105,0.7104718,0.113203235,0.1370349,0.7282639,0.11219865,0.079095416,0.00023776919,0.06207039,0.0670855,0.12853627,0.13694784,0.011201792,0.40965363,0.15478925,0.120885946,0.069131665,0.028057799,0.019911759,0.9463684,0.04128923,0.60601914,0.0,0.14426884,0.0008325883,0.009421675,0.16231011,0.402035,0.04694993,0.08639444,0.07658439,0.7105441,0.45918414,0.13675074,0.6656036,0.34300223,0.1386349,0.06465084,0.0685921,0.024922296,0.03351099,0.001469277,0.11527191,0.36735994,0.09765523,0.46029493,0.36167338,0.40779802,0.08878483,0.010522132,0.0782916,0.0022123607,0.09750262,3.921181e-05,0.32517126,0.42850548,0.0100845825,0.0,0.14698106,0.57383573,0.02100675,0.20919064,0.56169343,0.7608686,0.2156101,0.002560978,0.14772466,0.27062505,0.40621287,0.007128446,0.08527768,0.17661315,0.056929108,0.071869396,0.18221228,0.91600525,1.2739797,0.19583316,0.12186469,0.33430684,0.27415043,0.17707653,0.06541769,0.34469247,0.13323842,0.07326712,0.0069355513,0.8551752,0.11844655,0.10586805,0.04782684,0.04342338,0.17102008,0.012771808,0.14860126,0.21450418,0.7856498,0.07268929,0.69864595,0.02688627,0.40852818,0.1959593,0.11478846,0.2529305,0.19663656,0.868172,0.06639926,0.13782202,0.12786798,0.15072785,0.045598924,0.18404625,0.087066054,0.9234225,0.18542075,0.29312176,0.57942474,0.38425666,0.92099917,0.017438963,0.8443261,0.062974185,0.079897225,0.060506675,0.38626802,0.17239505,0.1534052,0.025812294,0.25267464,0.015496891,0.088710636,0.099427186,0.07318693,0.09358474,0.23076238,0.03387548,0.040304556,1.6886643,0.15813981,0.09625189,0.15653206,5.2911102e-05,0.08752413,0.0,0.2509204,0.23561902,0.060530882,0.13074085,0.044945292,0.00095620105,0.4926998,0.8690975,0.66300505,0.08015246,0.19010837,0.18418252,0.29571462,0.07603585,0.0002984987,0.027460486,0.13968112,0.0011834496,0.18723342,0.6889953,0.0459333,0.13385838,0.007503802,0.25869575,0.40215394,0.42323378,0.0414584,0.02158092,0.85965925,0.17371762,0.12864894,0.21263087,0.00658289,0.19125347,0.07459951,0.12015209,0.10380709,0.8744497,0.7835299,0.1703767,0.16028695,0.042655867,0.102195874,0.040467497,0.17700025,0.07130096,0.14997196,0.5643,1.1486385,0.077449135,0.6400876,0.3306522,0.19614325,0.058600113,0.037612095,0.4020837,0.2566761,0.0010792116,0.13390774,0.072029516,0.20478514,0.0631775,0.11136185,0.0,5.827737e-06,0.23882769,0.023984354,0.0,0.21688987,0.5775009,0.074152336,0.119148165,0.20995471,0.22323638,0.049706887,0.0049856068,0.049030274,0.24699658,0.06788326,0.33468154,0.06686687,0.43941194,0.007297341,0.010014824,0.16170847,1.0209312,0.00375453,0.06720823,0.4716078,0.40489197,0.18859476,0.08127079,0.22964774,0.94951576,0.072843865,0.08356712,0.07568836,0.4576384,0.1479307,0.56413424,0.024597159,0.30175698,0.5364246,0.36997342,0.0,0.31748733,0.9396247,0.92777944,0.27134144,0.36523604,1.41945,0.1493573,0.05852318,0.45871267,0.1393795,0.46237957,0.09098068,0.21042895,0.41256538,0.07230333,0.07785945,0.5362658,0.16617458,0.2534291,0.8382429,0.07796955,0.2402043,0.0,0.10840088,0.00087906787,0.60551524,0.29238847,0.28890145,0.59379625,0.07438071,0.30251208,0.097568646,0.5313146,0.66354287,0.5460441,0.091267616,0.19586925,0.0,1.0273042,0.089197434,0.5588649,0.0714535,0.05725557,0.57132864,0.83520484,0.46776032,0.34084317,0.13004683,0.22875673,0.30014363,0.113062486,0.48363647,0.23146933,0.61483485,1.3161516,0.013138032,0.16381055,0.38789016,0.18760923,0.34819722,0.07695165,0.24434316,0.4155238,0.52783453,0.22857119,0.12667713,0.17371449,0.5668422,0.06404053,0.38009632,0.5864464,0.5728801,0.38888064,0.14512317,0.39653116,0.1864613,0.38342398,0.6627597,0.5063256,0.0,0.09442706,0.09683394,0.042083476,0.21540157,0.3391249,0.731253,0.0,0.31206685,0.49042067,0.14455833,0.0019903688,0.42772305,0.1515523,0.70407164,0.9218575,0.1856469,0.7531291,0.48870477,0.47716686,0.16776115,1.2405834,0.41708627,0.05348727,0.2676706,0.6044759,0.2790832,0.051274203,0.01465845,0.22386551,0.21338922,0.10134267
0.1797512,0.26471084,0.3463454,0.31476024,0.3318985,0.2108684,0.31303185,0.227041,0.15495,0.6282298,0.20710112,0.25750887,0.20608513,0.20580369,0.17188348,0.3159674,0.537033,0.20034309,0.24510461,0.29518166,0.43475613,0.23901422,0.3730081,0.11922189,0.41223752,0.17466925,0.16389999,0.10095716,0.49211857,0.24177769,0.27153468,0.21672241,0.08937355,0.4423103,0.39098233,0.13032067,0.24228159,0.26320887,0.1855534,0.29528698,0.1080348,0.1644411,0.27207652,0.24092057,0.3288431,0.095562994,0.14910413,0.21933731,0.40972167,0.1957686,0.19935896,0.14964415,0.23715767,0.272561,0.65692365,0.14425576,0.14303574,0.25976846,0.595883,0.87597036,0.34120148,0.33451536,0.27604163,0.20791832,0.6831812,0.18966836,0.29305497,0.16520779,0.22205217,0.21690695,0.2551741,1.0514506,0.1386152,0.22837923,0.5880218,0.23468298,0.4146006,0.47711617,0.1755933,0.2756863,0.44781205,0.44355503,0.20724455,0.593777,0.3737694,0.10856794,0.35653555,0.44367334,0.4072336,0.5154197,0.33583388,0.20971394,0.5016846,0.14250074,0.33776093,0.27745306,0.15297376,0.2032023,0.40474036,0.17590351,0.18297295,0.6911573,0.18326032,0.37257257,0.3595103,0.22446963,0.27803412,0.14879942,0.28435132,0.7601977,0.19149794,0.26406324,0.44339564,0.25238058,0.43473092,0.25677451,0.20679319,0.70943964,0.4193422,0.1920816,0.56103975,0.46585846,0.9190091,0.2920735,0.19263147,0.11063093,0.11723941,0.0867012,0.20014998,0.5078,0.27048984,0.3666164,0.20445824,0.27831626,0.74245596,0.15608716,0.14532214,0.2145338,0.63453484,0.33720484,0.1586363,0.7506905,0.91708905,0.27439284,0.38153777,0.2953665,0.22909915,0.199967,0.07641304,0.5111171,0.3537671,0.26150846,0.23695147,0.2635634,0.16778804,1.0334868,0.20140049,0.53086185,0.68644994,0.31861395,0.15581468,0.15003368,0.13760981,0.23914248,0.3123824,0.17078076,0.1102561,0.16139989,0.16301954,0.17410412,0.15363409,0.23164815,0.38100192,0.19439119,0.36317855,0.16707852,0.33588037,0.13503793,0.5385221,0.17324783,0.18191418,0.1901061,0.1331345,0.33974084,0.50653106,0.3102214,0.22049066,0.43692425,0.21517417,0.10607064,0.263814,0.19383143,0.16607635,0.28534243,0.35365802,0.23661458,0.1319378,0.36565053,0.17218609,0.28574464,0.31342247,0.26065853,0.23815016,0.2750139,0.27471843,0.114457265,0.56458044,0.23073182,0.17995909,0.42742118,0.32205006,0.2880895,0.17291796,0.10366654,0.24770239,0.26898104,0.37907103,0.17230341,0.59594005,0.4567291,0.30420485,0.31748852,0.23120306,0.5060559,0.6345453,0.11011314,0.13158983,0.31471783,0.26568282,0.23838076,0.104208246,0.29282624,0.26920173,0.18478915,0.23542646,0.21884397,0.09406567,0.2161135,0.36314148,0.17869917,0.6225612,0.38380665,0.17087519,0.17841662,0.30118513,0.43127555,0.17683294,0.38992235,0.37003306,0.33671358,0.26609862,0.14948557,0.26590014,0.12072831,0.18845862,0.22576268,0.18544775,0.069466315,0.1358075,0.3948543,0.43997324,0.6306662,0.16834374,0.16952045,0.10154324,0.14025442,0.69961345,0.2318276,0.35230598,0.18944302,0.183849,0.13376796,0.42853343,0.07850437,0.16136742,0.251148,0.54830974,0.5924416,0.24045034,0.31908414,0.21434388,0.7192417,0.39381877,0.29369906,0.33565226,0.2454101,0.16094004,0.15772763,0.505591,0.44235805,0.21112278,0.10498621,0.31043088,0.2554573,0.24069384,0.10040436,0.23198304,0.24343397,0.22332503,0.27355865,0.17923239,0.40981555,0.5895366,0.32772928,0.4014094,0.7491854,0.18938471,0.36218908,0.42120564,0.5794586,0.16873272,0.33555567,0.36187842,0.61327714,0.19708167,0.19868931,0.34438848,0.192331,0.67021334,0.23485923,0.36913836,0.06506668,0.11641264,0.12107425,0.47459763,0.2092268,0.5157108,0.15401803,0.1851018,0.24288361,0.29611608,0.07714968,0.1546233,0.18316141,0.17297807,0.2627755,0.21158633,0.13632788,0.1527086,0.27111354,0.3736535,0.5022692,0.14472248,0.21104331,0.50309557,0.32676834,0.1725436,0.16043128,0.20790231,0.39272237,0.15975735,0.25472808,0.93407565,0.44145745,0.1747847,0.17633106,0.13642046,0.14993234,0.30127004,0.5660702,0.37948102,0.40888852,0.59647226,0.34218276,0.67943186,0.35034317,0.17300986,0.23669484,0.1659047,0.2748995,0.5277356,0.6557983,0.18264428,0.46335107,0.47413862,0.36891225,0.24445456,0.1431559,0.24521948,0.73965204,0.27161506,0.37157673,0.21408722,0.36342353,0.035679504,0.001305848,0.20973442,0.31997088,0.043521434,0.00543201,0.0,0.34718314,0.14204958,0.09330612,0.025167536,0.2530432,0.19606242,0.3980713,0.09928297,0.14254838,0.08276897,0.0017962818,0.8005403,0.082376,0.030767888,0.059672914,0.067275025,0.110914715,0.06616733,0.12322644,0.040545985,0.37817714,0.06776254,0.2486344,0.6131898,0.0,0.019879378,0.036004104,0.0015808387,0.7502042,0.24045362,0.016070817,0.05833903,0.063504376,0.005262113,0.37084144,0.0,0.1158335,0.048178818,0.22193909,0.15876567,0.06000708,0.114038125,0.31000853,0.2663235,0.11542406,0.08857057,0.054246854,0.2643391,0.33472428,0.0,0.06374004,0.04206627,0.028193504,0.053614486,0.106704704,0.14287843,0.020349823,0.41457608,0.025150921,0.047183894,0.09170951,0.03855937,0.25023162,0.0,0.07522902,0.010116846,0.0,0.032795176,0.03687642,0.03465244,0.09073181,0.005566422,0.032011457,0.00026085353,0.14306216,0.19390184,0.39905462,0.18523031,0.11478539,0.20774579,0.060088247,0.0020102852,0.07223969,0.037109364,0.6173633,0.43980318,0.052970283,0.068850294,0.12596984,0.095823705,0.131951,0.009825269,0.019111747,0.025096046,0.058432177,0.007823645,0.062087588,0.03799752,0.0023952099,0.020265466,0.002481064,0.05202346,0.015626524,0.08524017,0.25205004,0.015024778,0.0036086442,0.17533539,0.10473419,0.10646626,0.07714681,0.08603969,0.14214051,0.03555213,0.19662872,0.08406802,0.30433428,0.12001124,0.08803754,0.034969635,0.21089797,0.19483414,0.041447766,0.04593244,0.12861072,0.1590008,0.13509235,0.12494234,0.2811759,0.1811372,0.05302355,0.16106625,0.1913634,0.0025793083,0.23857893,0.003129062,0.076511994,0.03868071,0.5464521,0.17307141,0.009943641,0.3065556,0.5626027,0.14206563,0.5279068,0.04991116,0.14782183,0.03052089,0.0375549,0.45953724,0.39173788,0.030796634,0.0006608873,0.65476227,0.14990096,0.10978091,0.056170914,0.03706067,0.12570938,0.06102713,0.16948457,0.8750112,0.22376378,0.046850286,0.08256156,0.12915066,0.29177725,0.20518394,0.14869198,0.032905497,0.05397243,0.10981011,0.060215726,0.09476434,0.04052195,0.16230312,0.29117316,0.5244563,0.08328629,0.25194818,0.19601737,0.13648888,0.15252364,0.103815645,0.10713295,0.0012562909,0.13991597,0.016033404,0.065561086,0.08816571,0.04663035,0.07394667,0.120075904,0.08341421,0.03187273,0.029090896,0.022515446,0.12950051,0.030114118,0.030703329,0.08183041,0.033993304,0.018912066,0.015039214,0.07281991,0.040772505,0.0046684397,0.03416027,0.11963039,0.07945341,0.021874446,0.10171429,0.1907547,0.0466743,0.10359269,0.08411357,0.26154867,0.035316296,0.02263599,0.8821902,0.0,0.25368312,0.0691719,0.021490555,0.0618128,0.066233926,0.07520804,0.025468681,0.14867637,0.0074742655,0.082721256,0.07392633,0.18556392,0.04134832,0.18392304,0.1007945,0.3067764,0.068074726,0.085815266,0.04989824,0.033482697,0.23499757,0.058521573,0.035248894,0.061393294,0.061122406,0.0388805,0.06271524,0.13273981,0.056912545,0.058560688,0.18244267,0.19738437,0.03741366,0.19376831,0.0,0.030829595,0.09822425,0.091034114,0.04908786,0.036812134,0.0,0.28707156,0.026299635,0.099182285,0.23644628,0.06508086,0.009554753,0.14043139,0.80540675,0.013191471,0.23681661,0.18546554,0.03226816,0.5185323,0.045941737,0.021897681,0.45453873,0.014393465,0.07887343,0.0,0.0807228,0.06505514,0.040506907,0.0045959638,0.01182506,0.4207554,0.15413208,0.048935067,0.064139426,0.091045596,0.028243722,0.8628791,0.12424945,0.16784973,0.014489425,0.079329655,0.0,0.040061086,0.02985181,0.14682226,0.017718349,0.08243862,0.096291445,0.036675394,0.08174031,0.12840128,0.0006865732,0.27278733,0.24190822,0.013706379,0.07446657,0.0997407,0.080107294,0.081593454,0.12006002,0.097429246,0.030465886,0.05914579,0.07709428,0.01996413,0.02329004,0.2622887,0.089503884,0.029761102,0.04313134,0.017156474,0.060698863,0.31784433,0.052855,0.0035770591,0.16628441,0.02932157,0.020889983,0.33873698,0.31954217,0.3865235,0.74422574,0.012057015,0.03142595,0.29166454,0.061216433,0.09198229,0.08984624,0.14760256,0.0016319498,0.34941125,0.041560344,0.44884005,0.9532258,0.1428226,0.12998891,0.5205008,0.12402327,0.11264939,0.054242548,0.10721307,0.10518825,0.29921985,0.0042208447,0.22499001,0.07684319,0.3528851,0.04231197,0.19995348,0.035354856,0.019395238,0.16269988,0.011959744,0.36627778,0.07925672,0.38037622,0.12015609,0.23190713,0.20676643,0.054060366,0.07135974,0.19531792,0.15595339,0.07397002,0.14283308,0.17314416,0.10957676,0.036967386,0.04086285,0.09718352,0.19087504,0.1423901,0.3162572,0.4950063,0.22234745,0.53231686,0.26375735,0.50071824,0.024332229,0.046339672,0.20061086,0.06579057,0.10155308,0.15519182,0.0345257,0.27509943,0.016643206,0.103688754,0.020588731,0.10622162,0.105608724,0.23992097,0.036301557,0.0650175,0.52985275,0.15940101,0.16801171,0.17943999,0.02880614,0.10457958,0.008029415,0.16905035,0.23514736,0.07953396,0.024051618,0.00547402,0.013593529,0.37206763,0.26551318,0.37605187,0.045128297,0.26147443,0.03232005,0.008923052,0.081343964,0.0,0.24046561,0.11242265,0.0007652585,0.07357055,0.07530289,0.037571706,0.22425307,0.12052092,0.22430284,0.0052985437,0.2174869,0.06456648,0.029761741,0.9500349,0.13055927,0.15756404,0.1638497,0.050959505,0.16518466,0.0856225,0.12541887,0.04051852,0.38922477,0.34342265,0.15415135,0.12894858,0.04399558,0.107025266,0.13437161,0.14784999,0.09789101,0.12701002,0.33366787,0.6735748,0.060702562,0.19812936,0.19975835,0.16446221,0.12913075,0.030329855,0.5574852,0.33876815,0.0,0.030400569,0.029170081,0.20259158,0.05293684,0.29102018,0.0,0.0012273144,0.18218638,0.007973451,0.2534953,0.40206805,0.20907897,0.10722835,0.10336397,0.26877102,0.17160039,0.059021708,0.02908282,0.060961448,0.15872945,0.05043441,0.24398577,0.06030949,0.48745215,0.0,0.064125694,0.27795023,0.04343516,0.086395934,0.17167684,0.23819432,0.45279962,0.32811454,0.2037801,0.96339285,0.8207665,0.04805239,0.077270694,0.030987643,0.5426433,0.28600433,0.2605409,0.02663563,0.3025156,0.32817915,0.33220333,0.0,0.23616329,0.7440193,0.56397724,0.37782973,0.026447644,1.4506985,0.12538336,0.011768465,0.5445602,0.022092197,0.22806677,0.044644114,0.1486973,0.8737251,0.15158929,0.15138257,0.30411682,0.0,0.04348648,1.036673,0.06646365,0.22212027,0.0,0.4315221,0.058015734,0.59623086,0.24205163,0.3283929,0.44497088,0.010740323,0.46018296,0.047472477,1.1504605,0.1975252,0.37614962,0.35217607,0.3804638,0.0040859925,0.6826629,0.008293363,0.19439405,0.15649505,0.078063674,0.98533344,0.56452733,0.20615031,0.03382583,0.10567322,0.339455,0.14735013,0.09756284,0.21434689,0.14051542,0.6886117,1.2666922,0.054867823,0.0455502,0.14270772,0.023214156,0.014959649,0.025523089,0.36912853,0.24114494,0.38515165,0.026548745,0.27578855,0.16863859,0.7640137,0.09561886,0.9345228,0.3526545,0.5601598,0.7162317,0.30530977,0.44269723,0.37718153,0.5096343,0.7879954,0.45463398,0.035431433,0.17524497,0.17005531,0.05004733,0.36606085,0.5307147,0.61020666,0.05101293,0.23563467,0.40168124,0.060522527,0.00913447,0.34901518,0.12947138,0.55395114,1.5953449,0.07765486,0.98528767,0.5284971,0.1698038,0.13453212,1.19772,0.59980494,0.023818713,0.24433811,0.24223854,0.4091657,0.065826915,0.0,0.14303653,0.121432126,0.34912398
0.14727752,0.2728718,0.3134235,0.446239,0.3015997,0.123175345,0.22872715,0.16741239,0.14146687,0.5568692,0.21398568,0.14391513,0.33507103,0.10255487,0.1862212,0.27076775,0.38227835,0.23121184,0.23106338,0.2475809,0.43457288,0.4151593,0.3635454,0.12406963,0.29684258,0.2487316,0.17390804,0.14601204,0.26097915,0.17006119,0.2800377,0.20069116,0.10659654,0.33108428,0.39404508,0.0263501,0.20757212,0.40276486,0.23190878,0.2415956,0.13132949,0.14599156,0.24599145,0.15938303,0.35015884,0.13128543,0.14965883,0.2706876,0.4458176,0.23071675,0.30290663,0.13928163,0.1268133,0.22666092,0.45496356,0.22467867,0.17003512,0.18843487,0.33191982,0.5399294,0.22635448,0.34624362,0.14676923,0.24369884,0.50153345,0.2032702,0.22895923,0.14206871,0.35690737,0.2910192,0.27998456,1.1112924,0.18155067,0.27766916,0.5063537,0.26122752,0.41527304,0.40305454,0.25508803,0.25513268,0.36148927,0.5049128,0.22596067,0.43415907,0.23199975,0.20226605,0.19354476,0.51685476,0.4392453,0.36828548,0.54337955,0.18421254,0.4345249,0.13109857,0.26714346,0.40026382,0.09705493,0.102449544,0.347068,0.12242835,0.24427794,0.6251575,0.17676276,0.33262396,0.2241434,0.25422525,0.23497614,0.1468311,0.28192014,0.575265,0.23316792,0.23579621,0.27532154,0.27677524,0.39619344,0.1685142,0.18361177,0.3739524,0.4651526,0.18533619,0.3999229,0.39666444,0.5998059,0.18626995,0.1482401,0.14349973,0.093876906,0.13257433,0.26269826,0.48094007,0.24938677,0.2792277,0.1969905,0.21334393,0.63401073,0.18658821,0.10222906,0.32600826,0.4367219,0.24247772,0.21174419,0.5289359,0.33932385,0.27912217,0.60177964,0.28435272,0.23438615,0.19166252,0.18001878,0.43155858,0.19424045,0.31721145,0.25464454,0.22860706,0.22939095,0.51084465,0.18934372,0.18309611,0.26140523,0.4805167,0.18003485,0.17474768,0.1382457,0.17293045,0.18971358,0.13590951,0.16290818,0.14928603,0.14143187,0.18814157,0.1451885,0.26389858,0.30641592,0.12726992,0.2592568,0.19991918,0.4618774,0.133572,0.40115187,0.14633827,0.13589104,0.15387826,0.14634474,0.22098756,0.27885732,0.38867506,0.20651653,0.36907065,0.23740461,0.121400535,0.2743629,0.18486938,0.17546773,0.2795521,0.4632457,0.19581972,0.1963368,0.36350262,0.22691104,0.20240442,0.1918096,0.31589937,0.15624888,0.28759772,0.2479184,0.11409995,0.66242474,0.21869195,0.1836663,0.38421506,0.20416017,0.16918723,0.1924066,0.121273495,0.36572957,0.26178783,0.3030884,0.16652143,0.5339964,0.30306664,0.15325071,0.40777385,0.24491988,0.5130957,0.3037573,0.10173097,0.20214012,0.4452408,0.20161031,0.24169494,0.1249254,0.44200075,0.24897404,0.2122438,0.16594838,0.2585729,0.13066055,0.32408336,0.26269114,0.14680883,0.69601345,0.57702506,0.19507816,0.17614707,0.31373376,0.17380479,0.21730077,0.42149416,0.29842162,0.33734426,0.28693327,0.22548951,0.12016124,0.16512415,0.23746362,0.20801735,0.16698678,0.160357,0.16910648,0.23613998,0.3155264,0.5143145,0.21126714,0.13933861,0.12231568,0.19400902,0.5486606,0.39741266,0.17895666,0.17996164,0.27611482,0.123616084,0.28953642,0.18330573,0.23250358,0.27204302,0.4085631,0.8014406,0.22122617,0.24892014,0.24595936,0.3802224,0.47182053,0.292893,0.09065011,0.20335834,0.20111567,0.19312075,0.3840623,0.7353983,0.16264401,0.14213906,0.16871987,0.2448936,0.24622703,0.17877024,0.23299351,0.30791205,0.3792587,0.399985,0.17353097,0.44207928,0.37501016,0.32902858,0.31082797,0.47078282,0.2038913,0.27371696,0.5470408,0.26092723,0.17820239,0.29300258,0.1831492,0.5214426,0.17896572,0.23305656,0.31637892,0.27029917,0.4372885,0.34938264,0.2316112,0.09302852,0.15067299,0.18652433,0.19985968,0.18320143,0.3652598,0.15549743,0.27605978,0.116010986,0.54159665,0.1760055,0.18468794,0.19398656,0.30780473,0.12767197,0.1556148,0.16728027,0.15847166,0.21152306,0.50406206,0.41721562,0.17255084,0.19602072,0.18011485,0.34529194,0.19302127,0.19777597,0.25592223,0.3515804,0.14976223,0.35523736,0.5939544,0.5583095,0.16391037,0.16802663,0.13714589,0.23072906,0.14236617,0.21032584,0.26726967,0.18717913,0.47869888,0.34344524,0.26663384,0.33337897,0.22767982,0.2771219,0.2796905,0.23035933,0.57361203,0.6086362,0.18055952,0.40177077,0.46734798,0.24554518,0.20568447,0.1946062,0.3287534,0.4278259,0.39816776,0.21869546,0.15039864,0.19998215,0.01696393,0.0071766814,0.0032798923,0.073291,0.16587313,0.0,0.017727036,0.09935725,0.10808595,0.088374674,0.05614522,0.061230246,0.0130181005,0.492959,0.041791197,0.08175057,0.02927808,0.012515031,0.049845967,0.09267199,0.029193426,0.07719823,0.021535626,0.07912465,0.03763278,0.05444689,0.018147225,0.02981875,0.20383693,0.08793507,0.5662111,0.0,0.0019259233,0.04837944,0.025903994,0.46416765,0.016823744,0.028691275,0.073598154,0.13078429,0.013233394,0.0815956,0.008023604,0.10743111,0.058423333,0.121939585,0.06225497,0.055529468,0.11016251,0.45806512,0.04188559,0.05806794,0.10029991,0.053665187,0.025551647,0.26611477,0.009580291,0.097464584,0.026842851,0.08492989,0.04639778,0.18141109,0.09039374,0.010280037,0.27103198,0.0,0.067911245,0.08691976,0.0037049372,0.08587373,0.0032767125,0.0,0.024230687,0.009642956,0.051922597,0.052294623,0.06091811,0.07173216,0.043744136,0.037367593,0.0008021668,0.115560316,0.15657082,0.46332344,0.10541643,0.26925987,0.10729129,0.012562458,0.0,0.084236234,0.030054044,0.26281488,0.09705861,0.05019444,0.08138004,0.06689561,0.08540989,0.07255155,0.04852003,0.049315326,0.0,0.06323413,0.019348238,0.06564109,0.043647,0.009613545,0.0020857202,0.0412902,0.0043999916,0.03185619,0.06185177,0.07678689,0.021932378,0.014889057,0.043685183,0.12378387,0.046133377,0.03542885,0.0,0.11459859,0.0036759397,0.04588506,0.024806732,0.061303288,0.10704924,0.07019884,0.045836605,0.04886742,0.0,0.046458513,0.065418884,0.051247146,0.035875056,0.10412384,0.0,0.27370754,0.043993358,0.08790649,0.17847386,0.21795322,0.0062062577,0.1472424,0.035353545,0.08543685,0.021971632,0.2712301,0.06030261,0.0096030105,0.043363795,0.14019123,0.013525896,0.23096918,0.033654355,0.061206497,0.02763114,0.025680084,0.05629956,0.37582955,0.0745845,0.00078224245,0.60964274,0.0037357805,0.15643868,0.054039888,0.05626672,0.203565,0.08539882,0.00050959433,0.8075744,0.018421961,0.08866641,0.05905738,0.0013234934,0.29616454,0.007827078,0.023899317,0.040878467,0.0867917,0.10197608,0.08781945,0.10563494,0.0,0.062395684,0.3374532,0.01468945,0.056640513,0.0109125255,0.0015586978,0.20115125,0.23251745,0.08805552,0.05614773,0.015456461,0.14386591,0.092039056,0.0039980216,0.097058736,0.03571458,0.055139065,0.011217328,0.08717032,0.0,0.00022724121,0.17214951,0.042498816,0.035015896,0.062200956,0.08853245,0.0222846,0.054640945,0.0,0.102563865,0.032401472,0.0,0.016164381,0.118605256,0.09126969,0.0,0.21485819,0.07041568,0.045863792,0.12838554,0.09891578,0.0011633618,0.03807614,0.0,0.7815659,0.0017122469,0.26399583,0.055427674,0.04915622,0.004537691,0.024993254,0.0,0.0,0.054190967,0.0013056456,0.0060478183,0.021833817,0.0447018,0.063067615,0.030958679,0.05964558,0.05784761,0.023443498,0.0798788,0.02682699,0.029197859,0.24062742,0.04209438,0.0,0.011326485,0.068047516,0.008340006,0.096374705,0.10975695,0.065677874,0.046832033,0.0007647592,0.13529773,0.017679963,0.106247105,0.00023977175,0.031799745,0.11038427,0.091895096,0.037097815,0.017784037,0.0,0.08372271,0.056410756,0.090661556,0.11291988,0.048445668,0.0064457073,0.038955554,0.67772436,0.0019927865,0.026027711,0.10665055,0.02775862,0.34980682,0.046420287,0.05601088,0.059608083,0.0,0.0793678,0.0,0.06129214,0.08531422,0.01028212,0.0,0.070939876,0.19149143,0.1499634,0.01747163,0.070234716,0.0029005557,0.017631654,0.23654103,0.0,0.13225174,0.025328206,0.03174801,0.011472298,0.030957446,0.034995645,0.07810282,0.041838616,0.08753942,0.05078967,0.11515221,0.0016731531,0.014927772,0.0,0.088089645,0.28421977,0.043985225,0.09120524,0.13927668,0.052100923,0.00011633868,0.007536261,0.11794443,0.028749384,0.082092,0.04064191,0.17554389,0.0,0.0700131,0.0765653,0.06253951,0.06397725,0.0046542827,0.013401742,0.089276515,0.013925794,0.012296632,0.0851731,0.0417353,0.018188262,0.17401664,0.13805033,0.09850931,0.5709455,0.0065954253,0.09207662,0.072684966,0.14813863,0.010189774,0.08966383,0.12727231,0.011932003,0.04264339,0.06605776,0.28447506,0.6269209,0.09130446,0.11576866,0.061049577,0.1826221,0.13562024,0.06334721,0.118178144,0.044358496,0.13922822,0.0030558247,0.031298373,0.10882418,0.11549028,0.050152496,0.043134827,0.04432205,0.060025956,0.17159551,0.0,0.10070442,0.16179627,0.24631667,0.0013890625,0.106383525,0.12410724,0.015132863,0.058800157,0.24998654,0.22376485,0.06261029,0.13392715,0.14935057,0.13467963,0.044082686,0.054914247,0.08259264,0.19296753,0.15442064,0.36942065,0.1522431,0.18995158,0.5313409,0.056509305,0.4266281,0.08687317,0.06936672,0.07995163,0.00942639,0.1307104,0.15024826,0.04419839,0.0766079,0.032516267,0.08649744,0.029119147,0.009502946,0.09149996,0.25392744,0.024338251,0.03286635,0.21052648,0.1553781,0.2385114,0.1665577,0.0,0.2515205,0.0013660573,0.13989751,0.13023329,0.13256726,0.00055193016,0.012212527,0.0,0.4234103,0.21033229,0.2810422,0.03984507,0.2832626,0.11068941,0.0069743004,0.101020515,0.0,0.12350136,0.13653865,0.0029280465,0.006818936,0.18941247,0.031545717,0.22737908,0.05570064,0.005500055,0.0005136468,0.16080578,0.053307787,0.07576489,1.1638368,0.16170546,0.12706338,0.17154187,0.0077224546,0.14300658,0.0792125,0.099047,0.0019639167,0.23892197,0.15831712,0.16115054,0.16064446,0.08005704,0.15433942,0.103274755,0.17332749,0.070671454,0.26681075,0.40916407,0.70189685,0.091079585,0.17193706,0.2023883,0.18871593,0.039033066,0.038874913,0.39913622,0.39765877,0.0034096013,0.04970142,0.038357645,0.29195765,0.0017489502,0.1651401,0.0,0.0,0.22415477,0.015485403,0.00010534907,0.1705787,0.12837899,0.017515074,0.06908985,0.31136954,0.060172718,0.051002834,0.005725032,0.04428468,0.15273637,0.034523413,0.25307086,0.054617893,0.7406568,0.009755895,0.055906482,0.2714601,0.17685528,0.020770883,0.10179037,0.4428738,0.3009703,0.59276843,0.2783625,0.05619827,0.6590291,0.121202275,0.10270974,0.05950839,0.5516357,0.2016568,0.2612899,0.012464602,0.33591917,0.012110804,0.20901844,0.0,0.20068221,0.689629,0.7272642,0.12943305,0.43384242,1.7756807,0.0,0.14730744,0.23532829,0.09759713,0.22876652,0.07641134,0.12236879,0.34035742,0.03741116,0.08649573,0.041532554,0.050842475,0.018489737,1.0285401,0.158709,0.24592234,0.0,0.16533749,0.0,0.933709,0.3182753,0.46486562,0.55066884,0.0,0.27229315,0.07771342,0.7595543,0.4291864,0.284007,0.040389683,0.21404688,0.006283907,0.4852716,0.15566762,0.0,0.015164548,0.13509825,0.020029161,0.39323637,0.1672263,0.19567974,0.13578436,0.19737142,0.120446384,0.1274413,0.3633731,0.14770252,0.2762141,1.3241222,0.0,0.085161746,0.036934365,0.10817152,0.13813142,0.012879129,0.16311562,0.09213523,0.18698691,0.08999309,0.4912701,0.014943369,0.3886319,0.040536225,0.32155544,0.3854869,0.6199603,0.5299374,0.27296287,0.040901758,0.38630617,0.4254374,0.55038667,0.016778389,0.0,0.0972749,0.2662199,0.035318732,0.14517169,0.30352527,0.70566964,0.0,0.3324623,0.5099745,0.21048748,0.0,0.17164515,0.10652803,0.72492474,0.7125115,0.22869541,0.74338984,0.5379213,0.119504906,0.16607165,1.1467409,0.58903676,0.056420475,0.21902141,0.3225181,0.22717328,0.10300172,0.00010601606,0.2893496,0.090221375,0.102368064
